((0.0 51.2 0.0) (0.0 51.2 0.0) (0.0 51.2 0.0) (0.0 51.2 0.0) (0.0 0.0 0.0) (0.0 0.0 0.0) (0.0 0.0 0.0)
 (0.0 51.2 0.0) (0.0 0.0 0.0) (0.0 0.0 0.0) (0.0 0.0 0.0) (0.0 0.0 0.0) (0.0 0.0 0.0) (0.0 0.0 0.0) (0.0 0.0 0.0)
 (0.0 0.0 0.0) (0.0 0.0 0.0) (0.0 0.0 0.0) (0.0 0.0 0.0) (0.0 0.0 0.0) (0.0 0.0 0.0) (0.0 0.0 0.0) (0.0 0.0 0.0)
 (0.0 0.0 0.0) (0.0 0.0 0.0) (0.0 0.0 0.0) (0.0 0.0 0.0) (0.0 0.0 0.0))
((102.4 256.0 256.0) (102.4 256.0 256.0) (102.4 256.0 256.0) (102.4 256.0 256.0) (102.4 256.0 256.0)
 (102.4 256.0 256.0) (102.4 256.0 256.0) (102.4 256.0 256.0) (102.4 256.0 256.0) (102.4 256.0 256.0)
 (102.4 256.0 204.8) (102.4 256.0 256.0) (102.4 256.0 256.0) (102.4 256.0 256.0) (102.4 256.0 256.0)
 (102.4 256.0 204.8) (102.4 256.0 256.0) (102.4 256.0 256.0) (102.4 256.0 256.0) (102.4 256.0 256.0)
 (102.4 256.0 204.8) (102.4 256.0 256.0) (102.4 256.0 256.0) (102.4 256.0 256.0) (102.4 204.8 256.0)
 (102.4 204.8 256.0))
((204.8 256.0 204.8) (204.8 256.0 204.8) (204.8 256.0 204.8) (204.8 256.0 204.8) (204.8 256.0 204.8)
 (204.8 256.0 204.8) (204.8 256.0 204.8) (204.8 256.0 204.8) (204.8 256.0 204.8) (204.8 256.0 204.8)
 (204.8 256.0 204.8) (204.8 256.0 204.8) (204.8 256.0 204.8) (204.8 256.0 204.8) (204.8 256.0 204.8)
 (204.8 256.0 204.8) (204.8 256.0 204.8) (204.8 256.0 204.8) (204.8 256.0 204.8) (204.8 256.0 204.8)
 (204.8 256.0 204.8) (204.8 256.0 204.8) (204.8 256.0 204.8) (204.8 256.0 204.8) (204.8 256.0 204.8)
 (204.8 256.0 204.8) (204.8 256.0 204.8) (153.6 256.0 204.8) (204.8 256.0 204.8) (153.6 256.0 204.8)
 (153.6 256.0 204.8) (153.6 256.0 204.8) (153.6 256.0 204.8) (153.6 256.0 204.8) (153.6 256.0 204.8))
((51.2 204.8 102.4) (51.2 204.8 102.4) (51.2 204.8 102.4) (51.2 204.8 102.4) (51.2 204.8 51.2) (51.2 204.8 102.4)
 (51.2 204.8 51.2) (51.2 204.8 51.2) (51.2 204.8 51.2) (51.2 204.8 51.2) (51.2 204.8 51.2) (51.2 204.8 51.2)
 (51.2 204.8 51.2) (51.2 204.8 51.2) (51.2 204.8 51.2) (51.2 204.8 51.2) (51.2 204.8 51.2) (51.2 204.8 51.2)
 (51.2 204.8 102.4) (51.2 204.8 51.2) (51.2 204.8 51.2) (51.2 204.8 51.2) (51.2 204.8 51.2) (51.2 204.8 51.2)
 (51.2 204.8 51.2) (51.2 204.8 51.2) (51.2 204.8 51.2) (51.2 204.8 51.2) (51.2 204.8 51.2) (51.2 204.8 51.2)
 (51.2 204.8 51.2) (51.2 204.8 51.2) (51.2 204.8 51.2) (51.2 204.8 51.2) (51.2 204.8 51.2) (51.2 204.8 51.2)
 (51.2 204.8 51.2) (51.2 204.8 51.2) (51.2 204.8 51.2) (51.2 204.8 51.2) (51.2 204.8 51.2) (51.2 204.8 51.2)
 (51.2 204.8 51.2) (51.2 204.8 51.2) (51.2 204.8 51.2) (51.2 204.8 51.2) (51.2 204.8 51.2) (51.2 204.8 51.2)
 (51.2 204.8 51.2) (51.2 204.8 51.2) (51.2 204.8 51.2) (51.2 204.8 51.2) (51.2 204.8 51.2) (102.4 204.8 51.2)
 (102.4 204.8 51.2) (102.4 204.8 51.2) (102.4 204.8 51.2) (102.4 204.8 51.2) (102.4 204.8 51.2) (51.2 204.8 51.2)
 (51.2 204.8 51.2) (51.2 204.8 51.2) (51.2 204.8 51.2) (51.2 204.8 51.2) (51.2 204.8 51.2) (51.2 204.8 51.2)
 (102.4 204.8 51.2) (51.2 204.8 51.2) (51.2 204.8 51.2) (51.2 204.8 51.2) (102.4 204.8 51.2) (102.4 204.8 51.2)
 (102.4 204.8 51.2))
((153.6 153.6 51.2) (153.6 153.6 51.2) (153.6 153.6 51.2) (153.6 153.6 51.2) (153.6 153.6 51.2) (153.6 153.6 51.2)
 (153.6 153.6 51.2) (153.6 153.6 51.2) (153.6 153.6 51.2) (153.6 153.6 51.2) (153.6 153.6 51.2) (153.6 153.6 51.2)
 (153.6 153.6 51.2) (153.6 153.6 51.2) (153.6 153.6 51.2) (153.6 153.6 51.2) (153.6 153.6 51.2) (153.6 153.6 51.2)
 (153.6 153.6 51.2) (153.6 153.6 51.2) (153.6 153.6 51.2) (153.6 153.6 51.2) (153.6 153.6 51.2) (153.6 153.6 51.2)
 (153.6 153.6 51.2) (153.6 153.6 51.2) (153.6 153.6 51.2) (153.6 153.6 51.2) (153.6 153.6 51.2) (153.6 153.6 51.2)
 (153.6 153.6 51.2) (153.6 153.6 51.2) (153.6 153.6 51.2) (153.6 153.6 51.2) (153.6 153.6 51.2) (153.6 153.6 51.2)
 (153.6 153.6 51.2) (153.6 153.6 51.2) (153.6 153.6 51.2) (153.6 153.6 51.2) (153.6 153.6 51.2) (153.6 153.6 51.2)
 (153.6 153.6 51.2) (153.6 153.6 51.2) (153.6 153.6 51.2) (153.6 153.6 51.2) (153.6 153.6 51.2) (153.6 153.6 51.2)
 (153.6 153.6 51.2) (153.6 153.6 51.2) (153.6 153.6 51.2) (153.6 153.6 51.2) (153.6 153.6 51.2) (153.6 153.6 51.2)
 (153.6 153.6 51.2) (153.6 153.6 51.2) (153.6 153.6 51.2) (153.6 153.6 51.2) (153.6 153.6 51.2) (153.6 153.6 51.2)
 (153.6 153.6 51.2) (153.6 153.6 51.2) (153.6 153.6 51.2) (153.6 153.6 51.2) (153.6 153.6 51.2) (153.6 153.6 51.2)
 (153.6 153.6 51.2) (153.6 153.6 51.2) (153.6 153.6 51.2) (153.6 153.6 51.2) (153.6 153.6 51.2) (153.6 153.6 51.2)
 (153.6 153.6 51.2) (153.6 153.6 51.2) (153.6 153.6 51.2) (153.6 153.6 51.2) (153.6 153.6 51.2) (204.8 153.6 51.2)
 (204.8 153.6 51.2) (153.6 153.6 51.2) (204.8 153.6 51.2) (204.8 153.6 51.2) (204.8 153.6 51.2) (204.8 153.6 51.2)
 (204.8 153.6 51.2) (204.8 153.6 51.2) (204.8 153.6 51.2) (204.8 153.6 51.2) (204.8 153.6 51.2) (204.8 153.6 51.2)
 (204.8 153.6 51.2) (204.8 153.6 51.2) (204.8 153.6 51.2) (204.8 102.4 51.2) (204.8 102.4 51.2) (204.8 102.4 51.2)
 (204.8 102.4 51.2) (204.8 102.4 51.2) (204.8 102.4 51.2))
((153.6 102.4 0.0) (153.6 102.4 0.0) (153.6 102.4 0.0) (153.6 102.4 0.0) (153.6 102.4 0.0) (153.6 102.4 0.0)
 (153.6 102.4 0.0) (153.6 102.4 0.0) (153.6 102.4 0.0) (153.6 102.4 0.0) (153.6 102.4 0.0) (153.6 102.4 0.0)
 (153.6 102.4 0.0) (153.6 102.4 0.0) (153.6 102.4 0.0) (153.6 102.4 0.0) (153.6 102.4 0.0) (153.6 102.4 0.0)
 (153.6 102.4 0.0) (153.6 102.4 0.0) (153.6 102.4 0.0) (153.6 102.4 0.0) (153.6 102.4 0.0) (153.6 102.4 0.0)
 (153.6 102.4 0.0) (153.6 102.4 0.0) (153.6 102.4 0.0) (153.6 102.4 0.0) (153.6 102.4 0.0) (153.6 102.4 0.0)
 (153.6 102.4 0.0) (153.6 102.4 0.0) (153.6 102.4 0.0) (153.6 102.4 0.0) (153.6 102.4 0.0) (153.6 102.4 0.0)
 (153.6 102.4 0.0) (153.6 102.4 0.0) (153.6 102.4 0.0) (153.6 102.4 0.0) (153.6 102.4 0.0) (153.6 102.4 0.0)
 (153.6 102.4 0.0) (153.6 102.4 0.0) (153.6 102.4 0.0) (153.6 102.4 0.0) (153.6 102.4 0.0) (153.6 102.4 0.0)
 (153.6 102.4 0.0) (153.6 102.4 0.0) (153.6 102.4 0.0) (153.6 102.4 0.0) (153.6 102.4 0.0) (153.6 102.4 0.0)
 (153.6 102.4 0.0) (153.6 102.4 0.0) (204.8 102.4 0.0) (204.8 102.4 0.0) (153.6 102.4 0.0) (153.6 102.4 0.0)
 (153.6 102.4 0.0) (153.6 102.4 0.0) (153.6 102.4 0.0) (153.6 102.4 0.0) (153.6 102.4 0.0) (153.6 102.4 0.0))
((51.2 102.4 153.6) (51.2 102.4 153.6) (51.2 102.4 153.6) (51.2 102.4 153.6) (102.4 102.4 102.4) (102.4 102.4 102.4)
 (102.4 51.2 102.4) (102.4 102.4 102.4) (102.4 102.4 102.4) (102.4 51.2 102.4) (102.4 51.2 102.4) (102.4 51.2 102.4)
 (102.4 51.2 102.4) (102.4 51.2 102.4) (102.4 51.2 102.4) (51.2 102.4 102.4) (51.2 102.4 102.4) (51.2 102.4 102.4)
 (51.2 102.4 102.4) (51.2 102.4 102.4) (102.4 102.4 102.4) (51.2 102.4 102.4) (51.2 102.4 102.4) (51.2 102.4 102.4)
 (51.2 102.4 102.4) (51.2 102.4 102.4) (51.2 102.4 51.2) (51.2 102.4 102.4) (51.2 102.4 102.4) (51.2 102.4 102.4)
 (51.2 102.4 102.4) (51.2 102.4 102.4) (51.2 102.4 51.2) (51.2 102.4 102.4) (51.2 102.4 102.4) (51.2 102.4 102.4)
 (51.2 102.4 102.4) (51.2 102.4 102.4) (51.2 102.4 51.2) (51.2 102.4 102.4) (51.2 102.4 102.4) (51.2 102.4 102.4)
 (51.2 102.4 102.4) (51.2 102.4 102.4) (51.2 102.4 51.2) (51.2 102.4 51.2) (51.2 102.4 102.4) (51.2 102.4 102.4)
 (51.2 102.4 102.4) (51.2 102.4 102.4) (51.2 102.4 51.2) (51.2 102.4 51.2) (51.2 102.4 102.4) (51.2 102.4 102.4)
 (51.2 102.4 102.4) (51.2 102.4 51.2) (51.2 102.4 51.2) (51.2 102.4 51.2) (51.2 102.4 51.2) (51.2 102.4 51.2)
 (51.2 102.4 51.2) (51.2 102.4 51.2) (51.2 102.4 51.2))
((0.0 256.0 153.6) (0.0 256.0 153.6) (0.0 256.0 153.6) (0.0 256.0 153.6) (0.0 256.0 153.6) (0.0 256.0 153.6)
 (0.0 256.0 153.6) (0.0 256.0 153.6) (51.2 256.0 153.6) (0.0 256.0 153.6) (0.0 256.0 153.6) (0.0 256.0 153.6)
 (0.0 256.0 153.6) (0.0 256.0 153.6) (0.0 256.0 153.6) (0.0 256.0 153.6) (0.0 256.0 153.6) (51.2 256.0 153.6)
 (0.0 256.0 153.6) (0.0 256.0 153.6) (0.0 256.0 153.6) (0.0 256.0 153.6) (0.0 256.0 153.6) (0.0 256.0 153.6)
 (51.2 256.0 153.6) (0.0 256.0 153.6) (0.0 256.0 153.6) (0.0 256.0 153.6) (0.0 256.0 153.6) (0.0 256.0 153.6)
 (51.2 256.0 153.6) (0.0 256.0 153.6) (0.0 256.0 153.6) (0.0 256.0 153.6) (51.2 256.0 153.6) (0.0 256.0 153.6)
 (0.0 256.0 102.4) (0.0 256.0 102.4))
((102.4 0.0 204.8) (102.4 0.0 204.8) (102.4 0.0 204.8) (102.4 0.0 204.8) (102.4 0.0 153.6) (102.4 0.0 153.6)
 (102.4 0.0 204.8) (102.4 0.0 153.6) (102.4 0.0 153.6) (102.4 0.0 153.6) (102.4 0.0 153.6) (102.4 0.0 153.6)
 (102.4 0.0 153.6) (102.4 0.0 153.6) (102.4 0.0 153.6) (102.4 0.0 153.6) (102.4 0.0 153.6) (102.4 0.0 153.6)
 (102.4 0.0 153.6) (102.4 0.0 153.6) (102.4 0.0 153.6) (102.4 0.0 153.6) (102.4 0.0 153.6) (102.4 0.0 153.6)
 (102.4 0.0 153.6) (102.4 0.0 153.6) (102.4 0.0 153.6) (102.4 0.0 153.6) (102.4 0.0 153.6) (102.4 0.0 153.6)
 (102.4 0.0 153.6) (102.4 0.0 153.6) (102.4 0.0 153.6) (102.4 0.0 153.6) (102.4 0.0 153.6) (102.4 0.0 153.6)
 (102.4 0.0 153.6) (102.4 0.0 153.6) (102.4 0.0 153.6) (102.4 0.0 153.6) (102.4 0.0 153.6) (102.4 0.0 153.6)
 (102.4 0.0 153.6) (102.4 0.0 153.6) (102.4 0.0 153.6))
((153.6 51.2 0.0) (153.6 51.2 0.0) (153.6 51.2 0.0) (153.6 51.2 0.0) (153.6 51.2 0.0) (153.6 51.2 0.0)
 (204.8 51.2 51.2) (204.8 51.2 51.2) (153.6 51.2 0.0) (153.6 51.2 0.0) (153.6 51.2 0.0) (153.6 51.2 0.0)
 (153.6 51.2 0.0) (153.6 51.2 0.0) (153.6 51.2 0.0) (153.6 51.2 0.0) (153.6 51.2 0.0) (153.6 51.2 0.0)
 (153.6 51.2 0.0) (153.6 51.2 51.2) (204.8 51.2 51.2) (204.8 51.2 51.2) (153.6 51.2 0.0) (153.6 51.2 0.0)
 (153.6 51.2 0.0) (153.6 51.2 0.0) (153.6 51.2 0.0) (153.6 51.2 0.0) (153.6 51.2 0.0) (153.6 51.2 0.0)
 (153.6 51.2 0.0) (153.6 51.2 51.2) (153.6 51.2 51.2) (153.6 51.2 0.0) (153.6 51.2 0.0) (153.6 51.2 0.0)
 (153.6 51.2 0.0) (153.6 51.2 0.0) (153.6 51.2 0.0) (153.6 51.2 0.0) (153.6 51.2 0.0) (153.6 51.2 0.0)
 (153.6 51.2 0.0) (153.6 51.2 0.0) (153.6 51.2 0.0) (153.6 51.2 0.0) (153.6 51.2 0.0) (153.6 51.2 0.0)
 (153.6 51.2 0.0) (153.6 51.2 0.0) (153.6 51.2 0.0) (153.6 51.2 0.0) (153.6 51.2 0.0) (153.6 51.2 0.0)
 (153.6 51.2 0.0) (153.6 51.2 0.0) (153.6 51.2 0.0) (153.6 51.2 0.0) (153.6 51.2 0.0) (153.6 51.2 0.0)
 (153.6 51.2 0.0) (153.6 51.2 0.0) (153.6 51.2 0.0))
((0.0 153.6 0.0) (0.0 153.6 0.0) (0.0 153.6 0.0) (0.0 153.6 0.0) (0.0 153.6 0.0) (0.0 153.6 0.0) (0.0 102.4 0.0)
 (0.0 153.6 0.0) (0.0 153.6 0.0) (0.0 153.6 0.0) (0.0 153.6 0.0) (0.0 153.6 0.0) (0.0 153.6 0.0) (0.0 153.6 0.0)
 (0.0 153.6 0.0) (0.0 153.6 0.0) (0.0 153.6 0.0) (0.0 153.6 0.0) (0.0 153.6 0.0) (0.0 153.6 0.0) (0.0 153.6 0.0)
 (0.0 153.6 0.0) (0.0 102.4 0.0) (0.0 153.6 0.0) (0.0 153.6 0.0) (0.0 153.6 0.0) (0.0 102.4 0.0) (0.0 102.4 0.0)
 (0.0 102.4 0.0) (0.0 102.4 0.0) (0.0 102.4 0.0))
((0.0 102.4 256.0) (0.0 102.4 256.0) (0.0 102.4 256.0) (0.0 102.4 256.0) (0.0 102.4 256.0) (0.0 102.4 256.0)
 (0.0 102.4 256.0) (0.0 102.4 256.0) (0.0 153.6 204.8) (0.0 102.4 256.0) (0.0 102.4 256.0) (0.0 102.4 256.0)
 (0.0 102.4 256.0) (0.0 102.4 256.0) (0.0 102.4 256.0) (0.0 102.4 256.0) (0.0 153.6 204.8) (0.0 153.6 204.8)
 (0.0 102.4 256.0) (0.0 102.4 256.0) (0.0 102.4 256.0) (0.0 102.4 256.0) (0.0 102.4 256.0) (0.0 153.6 204.8)
 (0.0 153.6 204.8) (0.0 102.4 256.0) (0.0 102.4 256.0) (0.0 102.4 256.0) (0.0 102.4 256.0) (0.0 102.4 204.8)
 (0.0 153.6 204.8) (0.0 102.4 256.0) (0.0 102.4 204.8) (0.0 153.6 204.8) (0.0 102.4 204.8) (0.0 153.6 204.8)
 (0.0 153.6 204.8))
((256.0 51.2 153.6) (256.0 51.2 153.6) (256.0 51.2 153.6) (256.0 51.2 153.6) (256.0 51.2 153.6) (256.0 51.2 153.6)
 (256.0 0.0 153.6) (256.0 0.0 153.6) (256.0 51.2 153.6) (204.8 0.0 153.6) (204.8 0.0 153.6) (204.8 0.0 153.6)
 (204.8 0.0 153.6) (256.0 0.0 153.6) (204.8 0.0 153.6) (204.8 0.0 153.6) (204.8 0.0 153.6) (204.8 0.0 153.6)
 (204.8 0.0 153.6) (204.8 0.0 153.6) (204.8 0.0 153.6) (204.8 0.0 153.6) (204.8 0.0 153.6) (204.8 0.0 153.6)
 (204.8 0.0 153.6) (204.8 0.0 153.6) (204.8 0.0 153.6) (204.8 0.0 153.6) (204.8 0.0 153.6) (204.8 0.0 153.6)
 (204.8 0.0 153.6) (204.8 0.0 153.6) (204.8 0.0 153.6) (204.8 0.0 153.6) (204.8 0.0 153.6) (204.8 0.0 153.6)
 (204.8 0.0 153.6) (204.8 0.0 153.6) (204.8 0.0 153.6) (204.8 0.0 153.6) (204.8 0.0 153.6) (204.8 0.0 153.6)
 (204.8 0.0 153.6) (204.8 0.0 153.6) (204.8 0.0 153.6) (204.8 0.0 153.6) (204.8 0.0 153.6) (204.8 0.0 153.6))
((153.6 153.6 0.0) (153.6 153.6 0.0) (153.6 153.6 0.0) (153.6 153.6 0.0) (153.6 153.6 0.0) (153.6 153.6 0.0)
 (153.6 153.6 0.0) (153.6 153.6 0.0) (153.6 153.6 0.0) (153.6 153.6 0.0) (153.6 153.6 0.0) (153.6 153.6 0.0)
 (153.6 153.6 0.0) (153.6 153.6 0.0) (153.6 153.6 0.0) (153.6 153.6 0.0) (153.6 153.6 0.0) (153.6 153.6 0.0)
 (153.6 153.6 0.0) (153.6 153.6 0.0) (153.6 153.6 0.0) (153.6 153.6 0.0) (153.6 153.6 0.0) (153.6 153.6 0.0)
 (153.6 153.6 0.0) (153.6 153.6 0.0) (153.6 153.6 0.0) (153.6 153.6 0.0) (153.6 153.6 0.0) (153.6 153.6 0.0)
 (153.6 153.6 0.0) (153.6 153.6 0.0) (153.6 153.6 0.0) (153.6 153.6 0.0) (153.6 153.6 0.0) (153.6 153.6 0.0)
 (153.6 153.6 0.0) (153.6 153.6 0.0) (153.6 153.6 0.0) (153.6 153.6 0.0) (153.6 153.6 0.0) (153.6 153.6 0.0)
 (153.6 153.6 0.0) (153.6 153.6 0.0) (153.6 153.6 0.0) (153.6 153.6 0.0) (153.6 153.6 0.0) (153.6 153.6 0.0)
 (153.6 153.6 0.0) (153.6 153.6 0.0) (153.6 153.6 0.0) (153.6 153.6 0.0) (153.6 153.6 0.0) (153.6 153.6 0.0)
 (153.6 153.6 0.0) (153.6 153.6 0.0) (153.6 153.6 0.0) (153.6 153.6 0.0) (153.6 153.6 0.0) (153.6 153.6 0.0)
 (153.6 153.6 0.0) (153.6 153.6 0.0) (153.6 153.6 0.0) (153.6 153.6 0.0) (153.6 153.6 0.0))
((204.8 204.8 102.4) (204.8 204.8 102.4) (204.8 204.8 102.4) (204.8 204.8 102.4) (204.8 204.8 102.4)
 (204.8 204.8 102.4) (204.8 204.8 102.4) (204.8 204.8 102.4) (204.8 204.8 102.4) (204.8 204.8 102.4)
 (204.8 204.8 102.4) (204.8 204.8 102.4) (204.8 204.8 102.4) (204.8 204.8 102.4) (204.8 204.8 102.4)
 (204.8 204.8 102.4) (204.8 204.8 102.4) (204.8 204.8 102.4) (204.8 204.8 102.4) (204.8 204.8 102.4)
 (204.8 204.8 102.4) (204.8 204.8 102.4) (204.8 204.8 102.4) (204.8 204.8 102.4) (204.8 204.8 102.4)
 (204.8 204.8 102.4) (204.8 204.8 102.4) (204.8 204.8 102.4) (204.8 204.8 102.4) (204.8 204.8 102.4)
 (204.8 204.8 102.4) (204.8 204.8 102.4) (204.8 204.8 102.4) (204.8 204.8 102.4) (204.8 204.8 102.4)
 (204.8 204.8 102.4) (204.8 204.8 102.4) (204.8 204.8 102.4) (204.8 204.8 102.4) (204.8 204.8 102.4)
 (204.8 204.8 102.4) (204.8 204.8 102.4) (204.8 204.8 102.4) (204.8 204.8 102.4) (204.8 204.8 102.4)
 (204.8 204.8 102.4) (204.8 204.8 102.4) (204.8 204.8 102.4) (204.8 204.8 102.4) (204.8 204.8 102.4)
 (204.8 204.8 102.4) (204.8 204.8 102.4) (204.8 204.8 102.4) (204.8 204.8 102.4) (204.8 204.8 102.4)
 (204.8 204.8 102.4) (204.8 204.8 102.4) (204.8 204.8 102.4) (204.8 204.8 102.4) (204.8 204.8 102.4)
 (204.8 204.8 102.4) (204.8 204.8 102.4) (204.8 204.8 102.4) (204.8 204.8 102.4) (204.8 204.8 102.4)
 (204.8 204.8 102.4) (204.8 204.8 102.4) (204.8 153.6 102.4) (204.8 153.6 102.4) (204.8 153.6 102.4)
 (204.8 153.6 102.4) (204.8 153.6 102.4) (204.8 153.6 102.4))
((102.4 153.6 51.2) (102.4 153.6 51.2) (102.4 153.6 51.2) (102.4 153.6 51.2) (102.4 153.6 51.2) (102.4 153.6 51.2)
 (102.4 153.6 51.2) (102.4 153.6 51.2) (102.4 153.6 51.2) (102.4 153.6 51.2) (102.4 153.6 51.2) (102.4 153.6 51.2)
 (102.4 153.6 51.2) (102.4 153.6 51.2) (102.4 153.6 51.2) (102.4 153.6 51.2) (102.4 153.6 51.2) (102.4 153.6 51.2)
 (102.4 153.6 51.2) (102.4 153.6 51.2))
((153.6 0.0 51.2) (153.6 0.0 51.2) (204.8 0.0 51.2) (153.6 0.0 51.2) (153.6 0.0 51.2) (153.6 0.0 51.2)
 (153.6 0.0 51.2) (153.6 0.0 51.2) (204.8 0.0 51.2) (153.6 0.0 51.2) (153.6 0.0 51.2) (153.6 0.0 51.2)
 (153.6 0.0 51.2) (153.6 0.0 51.2) (153.6 0.0 51.2) (153.6 0.0 51.2) (153.6 0.0 51.2) (153.6 0.0 51.2)
 (153.6 0.0 51.2) (153.6 0.0 51.2) (153.6 0.0 51.2) (153.6 0.0 51.2) (153.6 0.0 51.2) (204.8 0.0 51.2)
 (153.6 0.0 51.2) (153.6 0.0 51.2) (153.6 0.0 51.2) (153.6 0.0 51.2) (153.6 0.0 51.2) (153.6 0.0 51.2)
 (153.6 0.0 51.2) (153.6 0.0 51.2) (204.8 0.0 51.2) (153.6 0.0 51.2) (153.6 0.0 51.2) (153.6 0.0 51.2)
 (153.6 0.0 51.2) (153.6 0.0 51.2) (153.6 0.0 51.2) (153.6 0.0 51.2) (153.6 0.0 51.2) (153.6 0.0 51.2)
 (153.6 0.0 51.2) (153.6 0.0 51.2) (153.6 0.0 51.2) (153.6 0.0 51.2) (153.6 0.0 51.2) (153.6 0.0 51.2)
 (153.6 0.0 51.2) (153.6 0.0 51.2) (153.6 0.0 51.2) (153.6 0.0 51.2) (153.6 0.0 51.2) (153.6 0.0 51.2)
 (153.6 0.0 51.2) (153.6 0.0 51.2) (153.6 0.0 51.2) (153.6 0.0 51.2) (153.6 0.0 51.2) (153.6 0.0 51.2)
 (153.6 0.0 51.2) (153.6 0.0 51.2) (153.6 0.0 51.2) (153.6 0.0 51.2) (153.6 0.0 51.2) (153.6 0.0 51.2)
 (153.6 0.0 51.2) (153.6 0.0 51.2) (153.6 0.0 51.2))
((51.2 0.0 256.0) (51.2 0.0 256.0) (51.2 0.0 256.0) (51.2 0.0 256.0) (51.2 0.0 256.0) (51.2 0.0 256.0)
 (51.2 0.0 256.0) (102.4 0.0 256.0) (102.4 0.0 256.0) (102.4 0.0 256.0) (102.4 0.0 256.0) (51.2 0.0 256.0)
 (102.4 0.0 256.0) (102.4 0.0 256.0) (102.4 0.0 256.0) (102.4 0.0 256.0) (102.4 0.0 256.0) (102.4 0.0 256.0)
 (102.4 0.0 256.0) (102.4 0.0 256.0) (102.4 0.0 256.0) (102.4 0.0 256.0) (102.4 0.0 256.0) (102.4 0.0 256.0)
 (102.4 0.0 256.0) (102.4 0.0 256.0) (102.4 0.0 256.0) (102.4 0.0 256.0) (102.4 0.0 256.0) (102.4 0.0 256.0)
 (102.4 0.0 256.0) (102.4 0.0 256.0) (102.4 0.0 256.0) (102.4 0.0 256.0) (102.4 0.0 256.0) (102.4 0.0 256.0))
((102.4 51.2 204.8) (102.4 51.2 204.8) (102.4 51.2 204.8) (102.4 51.2 204.8) (102.4 51.2 204.8) (102.4 51.2 204.8)
 (102.4 51.2 204.8) (102.4 51.2 204.8) (102.4 51.2 204.8) (102.4 51.2 204.8) (102.4 51.2 204.8) (102.4 51.2 204.8)
 (102.4 51.2 204.8) (102.4 51.2 204.8) (102.4 51.2 204.8) (102.4 51.2 204.8) (102.4 51.2 204.8) (102.4 102.4 153.6)
 (102.4 51.2 204.8) (102.4 51.2 204.8) (102.4 51.2 204.8) (102.4 51.2 204.8) (102.4 51.2 204.8) (102.4 51.2 204.8)
 (102.4 51.2 204.8) (102.4 51.2 204.8) (102.4 102.4 153.6) (102.4 102.4 153.6) (102.4 51.2 204.8) (102.4 51.2 204.8)
 (102.4 51.2 204.8) (102.4 51.2 204.8) (102.4 51.2 204.8) (102.4 51.2 204.8) (102.4 51.2 204.8) (102.4 51.2 204.8)
 (102.4 102.4 153.6) (102.4 51.2 204.8) (102.4 51.2 204.8) (102.4 51.2 204.8) (102.4 51.2 204.8) (102.4 51.2 204.8)
 (102.4 51.2 204.8) (102.4 51.2 204.8) (102.4 51.2 204.8) (102.4 51.2 204.8) (102.4 102.4 153.6) (102.4 51.2 204.8)
 (102.4 51.2 204.8) (102.4 51.2 204.8) (102.4 51.2 204.8) (102.4 51.2 204.8) (102.4 51.2 204.8) (102.4 51.2 204.8)
 (102.4 51.2 204.8) (102.4 102.4 153.6) (102.4 102.4 153.6) (102.4 51.2 204.8) (102.4 51.2 204.8) (102.4 51.2 204.8)
 (102.4 51.2 204.8) (102.4 51.2 204.8) (102.4 51.2 204.8) (102.4 51.2 204.8) (102.4 51.2 204.8) (102.4 102.4 153.6)
 (102.4 51.2 204.8) (102.4 51.2 204.8) (102.4 51.2 204.8) (102.4 51.2 204.8) (102.4 51.2 204.8) (102.4 51.2 204.8)
 (102.4 102.4 153.6) (102.4 51.2 204.8) (102.4 51.2 204.8) (102.4 51.2 204.8) (102.4 51.2 204.8) (102.4 102.4 153.6)
 (102.4 102.4 153.6) (102.4 51.2 153.6) (102.4 51.2 153.6) (102.4 102.4 153.6) (102.4 102.4 153.6)
 (102.4 51.2 153.6) (102.4 51.2 153.6) (102.4 51.2 153.6) (102.4 51.2 153.6) (102.4 51.2 153.6) (102.4 51.2 153.6)
 (102.4 51.2 153.6))
((204.8 0.0 102.4) (204.8 0.0 102.4) (204.8 0.0 102.4) (204.8 0.0 102.4) (204.8 0.0 102.4) (204.8 0.0 102.4)
 (204.8 0.0 102.4) (204.8 0.0 102.4) (204.8 0.0 102.4) (204.8 0.0 102.4) (204.8 0.0 102.4))
((51.2 51.2 51.2) (51.2 51.2 51.2) (51.2 51.2 51.2) (51.2 51.2 51.2) (51.2 51.2 51.2) (51.2 51.2 51.2)
 (51.2 51.2 51.2) (51.2 51.2 51.2) (51.2 51.2 51.2) (51.2 51.2 51.2) (51.2 51.2 51.2) (51.2 51.2 51.2)
 (51.2 51.2 51.2) (51.2 51.2 51.2) (51.2 51.2 51.2) (51.2 51.2 51.2) (51.2 51.2 51.2) (102.4 51.2 51.2)
 (102.4 51.2 51.2) (51.2 51.2 51.2) (51.2 51.2 51.2) (51.2 51.2 51.2) (51.2 51.2 51.2) (51.2 51.2 51.2)
 (51.2 51.2 51.2) (51.2 51.2 51.2) (51.2 51.2 51.2) (51.2 51.2 51.2) (102.4 51.2 51.2) (51.2 51.2 51.2)
 (51.2 51.2 51.2) (51.2 51.2 51.2) (51.2 51.2 51.2) (51.2 51.2 51.2) (51.2 51.2 51.2) (51.2 51.2 51.2)
 (51.2 51.2 51.2) (51.2 51.2 51.2) (51.2 51.2 51.2) (51.2 51.2 51.2) (51.2 51.2 51.2) (51.2 51.2 51.2)
 (51.2 51.2 51.2) (51.2 51.2 51.2) (51.2 51.2 51.2) (51.2 51.2 51.2) (51.2 51.2 51.2) (51.2 51.2 51.2)
 (51.2 51.2 51.2) (51.2 51.2 51.2) (51.2 51.2 51.2) (51.2 51.2 51.2) (51.2 51.2 51.2) (51.2 51.2 51.2)
 (51.2 51.2 51.2) (51.2 51.2 51.2) (51.2 51.2 51.2) (51.2 51.2 51.2) (51.2 51.2 51.2))
((256.0 0.0 256.0) (256.0 0.0 256.0) (256.0 0.0 256.0) (256.0 0.0 256.0) (256.0 0.0 256.0) (256.0 0.0 256.0)
 (256.0 0.0 256.0) (256.0 0.0 256.0) (256.0 0.0 256.0) (256.0 0.0 256.0) (256.0 0.0 256.0) (256.0 0.0 256.0)
 (256.0 0.0 256.0) (256.0 0.0 256.0) (256.0 0.0 256.0) (256.0 0.0 256.0) (256.0 0.0 256.0) (256.0 0.0 256.0)
 (256.0 0.0 256.0))
((51.2 51.2 204.8) (51.2 51.2 204.8) (51.2 51.2 204.8) (51.2 51.2 204.8) (51.2 51.2 204.8) (51.2 51.2 204.8)
 (51.2 51.2 204.8) (51.2 51.2 204.8) (51.2 51.2 204.8) (51.2 51.2 204.8) (51.2 51.2 204.8) (51.2 51.2 204.8)
 (51.2 51.2 204.8) (51.2 51.2 204.8) (51.2 51.2 204.8) (51.2 51.2 204.8) (51.2 51.2 204.8) (51.2 51.2 204.8)
 (51.2 102.4 204.8) (51.2 51.2 204.8) (51.2 51.2 204.8) (51.2 51.2 204.8) (51.2 51.2 204.8) (51.2 51.2 204.8)
 (51.2 51.2 204.8) (51.2 51.2 204.8) (51.2 51.2 204.8) (51.2 51.2 204.8) (51.2 102.4 204.8) (51.2 51.2 204.8)
 (51.2 51.2 204.8) (51.2 51.2 204.8) (51.2 51.2 204.8) (51.2 51.2 204.8) (51.2 51.2 204.8) (51.2 51.2 204.8)
 (51.2 51.2 204.8) (51.2 51.2 204.8) (51.2 102.4 204.8) (51.2 51.2 204.8) (51.2 51.2 204.8) (51.2 51.2 204.8)
 (51.2 51.2 204.8) (51.2 51.2 204.8) (51.2 51.2 204.8) (51.2 51.2 204.8) (51.2 51.2 204.8) (51.2 51.2 204.8)
 (51.2 51.2 204.8) (51.2 102.4 204.8) (51.2 51.2 204.8) (51.2 51.2 204.8) (51.2 51.2 204.8) (51.2 51.2 204.8)
 (51.2 51.2 204.8) (51.2 51.2 204.8) (51.2 51.2 204.8) (51.2 51.2 204.8) (51.2 51.2 204.8) (51.2 102.4 204.8)
 (51.2 51.2 204.8) (51.2 51.2 204.8) (51.2 51.2 204.8) (51.2 51.2 204.8) (51.2 51.2 204.8) (51.2 51.2 204.8)
 (51.2 51.2 204.8) (51.2 51.2 204.8) (51.2 51.2 204.8) (51.2 51.2 204.8) (51.2 51.2 204.8) (51.2 51.2 204.8)
 (51.2 51.2 204.8) (51.2 51.2 204.8) (51.2 51.2 204.8) (51.2 51.2 204.8) (51.2 51.2 204.8) (51.2 51.2 204.8)
 (51.2 102.4 204.8))
((204.8 153.6 204.8) (204.8 153.6 204.8) (204.8 153.6 204.8) (204.8 153.6 204.8) (204.8 153.6 204.8)
 (204.8 153.6 204.8) (204.8 153.6 204.8) (204.8 153.6 204.8) (204.8 153.6 204.8) (204.8 153.6 204.8))
((256.0 0.0 204.8) (256.0 0.0 204.8) (256.0 0.0 204.8) (256.0 0.0 204.8) (256.0 0.0 204.8) (256.0 0.0 204.8)
 (256.0 0.0 204.8) (256.0 0.0 204.8) (256.0 0.0 204.8) (256.0 0.0 204.8) (256.0 0.0 204.8) (256.0 0.0 204.8)
 (256.0 0.0 204.8) (256.0 0.0 204.8) (256.0 0.0 204.8) (256.0 0.0 204.8) (256.0 0.0 204.8) (256.0 0.0 204.8)
 (256.0 0.0 204.8) (256.0 0.0 204.8) (256.0 0.0 204.8) (256.0 0.0 204.8) (256.0 0.0 204.8) (256.0 0.0 204.8)
 (256.0 0.0 204.8) (256.0 0.0 204.8) (256.0 0.0 204.8) (256.0 0.0 204.8) (256.0 0.0 204.8) (256.0 0.0 204.8)
 (256.0 0.0 204.8) (256.0 0.0 204.8) (256.0 0.0 204.8) (256.0 0.0 204.8) (256.0 0.0 204.8) (256.0 0.0 204.8)
 (256.0 0.0 204.8) (256.0 0.0 204.8) (256.0 0.0 204.8) (256.0 0.0 204.8) (256.0 0.0 204.8) (256.0 0.0 204.8))
((153.6 256.0 51.2) (153.6 256.0 51.2) (153.6 256.0 51.2) (153.6 256.0 51.2) (153.6 256.0 51.2) (153.6 256.0 51.2)
 (153.6 256.0 51.2) (153.6 256.0 51.2) (153.6 256.0 51.2) (153.6 256.0 51.2) (153.6 256.0 51.2) (153.6 256.0 51.2)
 (153.6 256.0 51.2) (153.6 256.0 51.2) (153.6 256.0 51.2) (153.6 256.0 51.2) (153.6 256.0 51.2) (153.6 256.0 51.2)
 (153.6 256.0 51.2) (153.6 256.0 51.2) (153.6 256.0 51.2) (153.6 256.0 51.2) (153.6 256.0 51.2) (153.6 256.0 51.2)
 (153.6 256.0 51.2) (153.6 256.0 51.2) (153.6 256.0 51.2) (153.6 256.0 51.2) (153.6 256.0 51.2) (153.6 256.0 51.2)
 (153.6 256.0 51.2) (153.6 256.0 51.2) (153.6 256.0 51.2) (153.6 256.0 51.2) (153.6 256.0 51.2) (153.6 256.0 51.2)
 (153.6 256.0 51.2) (153.6 256.0 51.2) (153.6 256.0 51.2) (153.6 256.0 51.2) (153.6 256.0 51.2) (153.6 256.0 51.2)
 (153.6 256.0 51.2) (153.6 256.0 51.2) (153.6 256.0 51.2) (153.6 256.0 51.2) (153.6 256.0 51.2) (153.6 256.0 51.2)
 (153.6 256.0 51.2) (153.6 256.0 51.2) (153.6 256.0 51.2) (153.6 256.0 51.2) (153.6 256.0 51.2) (153.6 256.0 51.2)
 (153.6 256.0 51.2) (153.6 256.0 51.2) (153.6 256.0 51.2) (153.6 256.0 51.2) (153.6 204.8 51.2) (153.6 204.8 51.2)
 (153.6 204.8 51.2) (153.6 204.8 51.2) (153.6 204.8 51.2) (153.6 204.8 51.2) (153.6 204.8 51.2))
((153.6 0.0 102.4) (153.6 0.0 102.4) (153.6 0.0 102.4) (153.6 0.0 102.4) (153.6 0.0 102.4) (153.6 0.0 102.4)
 (153.6 0.0 102.4) (153.6 0.0 102.4) (153.6 0.0 102.4) (153.6 0.0 102.4) (153.6 0.0 102.4) (153.6 0.0 102.4)
 (153.6 0.0 102.4) (153.6 0.0 102.4) (153.6 0.0 102.4) (153.6 0.0 102.4) (153.6 0.0 102.4) (153.6 0.0 102.4)
 (153.6 0.0 102.4) (153.6 0.0 102.4) (153.6 0.0 102.4) (153.6 0.0 102.4) (153.6 0.0 102.4) (153.6 0.0 102.4)
 (153.6 0.0 102.4) (153.6 0.0 102.4) (153.6 0.0 102.4) (153.6 0.0 102.4) (153.6 0.0 102.4) (153.6 0.0 102.4)
 (153.6 0.0 102.4) (153.6 0.0 102.4) (153.6 0.0 102.4) (153.6 0.0 102.4) (153.6 0.0 102.4) (153.6 0.0 102.4)
 (153.6 0.0 102.4) (153.6 0.0 102.4) (153.6 0.0 102.4))
((153.6 204.8 102.4) (153.6 204.8 153.6) (153.6 204.8 102.4) (153.6 204.8 102.4) (153.6 204.8 102.4)
 (153.6 204.8 153.6) (153.6 204.8 102.4) (153.6 204.8 102.4) (153.6 204.8 102.4) (153.6 204.8 153.6)
 (153.6 204.8 153.6) (153.6 204.8 102.4) (153.6 204.8 102.4) (153.6 204.8 102.4) (153.6 204.8 102.4)
 (153.6 204.8 102.4) (153.6 204.8 153.6) (153.6 204.8 102.4) (153.6 204.8 102.4) (153.6 204.8 102.4)
 (153.6 204.8 102.4) (153.6 204.8 102.4) (153.6 204.8 102.4) (153.6 204.8 153.6) (153.6 204.8 153.6)
 (153.6 204.8 102.4) (153.6 204.8 102.4) (153.6 204.8 102.4) (153.6 204.8 102.4) (153.6 204.8 102.4)
 (153.6 204.8 102.4) (153.6 204.8 102.4) (153.6 204.8 102.4) (153.6 204.8 153.6) (153.6 204.8 102.4)
 (153.6 204.8 102.4) (153.6 204.8 102.4) (153.6 204.8 102.4) (153.6 204.8 102.4) (153.6 204.8 102.4)
 (153.6 204.8 102.4) (153.6 204.8 102.4) (153.6 204.8 102.4) (153.6 204.8 102.4) (153.6 204.8 102.4)
 (153.6 204.8 153.6) (153.6 204.8 102.4) (153.6 204.8 102.4) (153.6 204.8 102.4) (153.6 204.8 102.4)
 (153.6 204.8 102.4) (153.6 204.8 102.4) (153.6 204.8 102.4) (153.6 204.8 102.4) (153.6 204.8 102.4)
 (153.6 204.8 102.4) (153.6 204.8 102.4) (153.6 204.8 102.4) (153.6 204.8 102.4) (153.6 204.8 102.4)
 (153.6 204.8 153.6) (153.6 204.8 102.4) (153.6 204.8 102.4) (153.6 204.8 102.4) (153.6 204.8 102.4)
 (153.6 204.8 102.4) (153.6 204.8 153.6) (153.6 204.8 102.4) (153.6 204.8 102.4) (153.6 204.8 102.4)
 (153.6 204.8 153.6) (153.6 204.8 153.6))
((204.8 153.6 0.0) (204.8 153.6 0.0) (204.8 153.6 0.0) (204.8 153.6 0.0) (204.8 153.6 0.0) (204.8 153.6 0.0)
 (204.8 153.6 0.0) (204.8 153.6 0.0) (204.8 153.6 0.0) (204.8 153.6 0.0) (204.8 153.6 0.0) (204.8 153.6 0.0)
 (204.8 153.6 0.0) (204.8 153.6 0.0) (204.8 153.6 0.0) (204.8 153.6 0.0) (204.8 153.6 0.0) (204.8 153.6 0.0)
 (204.8 153.6 0.0) (204.8 153.6 0.0) (204.8 153.6 0.0) (204.8 153.6 0.0) (204.8 153.6 0.0) (204.8 153.6 0.0)
 (204.8 153.6 0.0) (204.8 153.6 0.0) (204.8 153.6 0.0) (204.8 153.6 0.0) (204.8 153.6 0.0) (204.8 153.6 0.0)
 (204.8 153.6 0.0) (204.8 153.6 0.0) (204.8 153.6 0.0) (204.8 153.6 0.0) (204.8 153.6 0.0) (204.8 153.6 0.0)
 (204.8 153.6 0.0) (204.8 153.6 0.0) (204.8 153.6 0.0) (204.8 153.6 0.0) (204.8 153.6 0.0) (204.8 153.6 0.0)
 (204.8 153.6 0.0) (204.8 153.6 0.0) (204.8 153.6 0.0) (204.8 153.6 0.0) (204.8 153.6 0.0) (204.8 153.6 0.0)
 (204.8 153.6 0.0) (204.8 153.6 0.0) (204.8 153.6 0.0) (204.8 153.6 0.0))
((153.6 256.0 256.0) (153.6 256.0 256.0) (153.6 256.0 256.0) (153.6 256.0 256.0) (153.6 256.0 256.0)
 (153.6 256.0 256.0) (153.6 256.0 256.0) (153.6 256.0 256.0) (153.6 256.0 256.0) (153.6 256.0 256.0)
 (153.6 256.0 256.0) (153.6 256.0 256.0) (153.6 256.0 256.0) (153.6 256.0 256.0) (153.6 256.0 256.0)
 (153.6 256.0 256.0) (153.6 256.0 256.0) (153.6 256.0 256.0) (153.6 256.0 256.0) (153.6 256.0 256.0)
 (153.6 256.0 256.0) (153.6 256.0 256.0) (153.6 256.0 256.0) (153.6 256.0 256.0) (153.6 256.0 256.0)
 (153.6 256.0 256.0) (153.6 256.0 256.0) (153.6 256.0 256.0) (153.6 256.0 256.0) (153.6 256.0 256.0)
 (153.6 256.0 256.0) (153.6 256.0 256.0) (153.6 256.0 256.0))
((102.4 0.0 51.2) (102.4 0.0 51.2) (102.4 0.0 51.2) (102.4 0.0 51.2) (102.4 0.0 51.2) (102.4 0.0 51.2)
 (102.4 0.0 51.2) (102.4 0.0 51.2) (102.4 0.0 51.2) (102.4 0.0 51.2) (102.4 0.0 51.2) (102.4 0.0 51.2)
 (102.4 0.0 51.2) (102.4 0.0 51.2) (102.4 0.0 51.2) (102.4 0.0 51.2) (102.4 0.0 51.2) (102.4 0.0 51.2)
 (102.4 0.0 51.2) (102.4 0.0 51.2) (102.4 0.0 51.2) (102.4 0.0 51.2) (102.4 0.0 51.2) (102.4 0.0 51.2)
 (102.4 0.0 51.2) (102.4 0.0 51.2) (102.4 0.0 51.2) (102.4 0.0 51.2) (102.4 0.0 51.2) (102.4 0.0 51.2)
 (102.4 0.0 51.2) (102.4 0.0 51.2) (102.4 0.0 51.2) (102.4 0.0 51.2) (102.4 0.0 51.2) (102.4 0.0 51.2))
((0.0 51.2 256.0) (0.0 51.2 256.0) (0.0 51.2 256.0) (0.0 51.2 256.0) (0.0 51.2 256.0) (0.0 51.2 256.0)
 (0.0 51.2 256.0) (0.0 51.2 256.0) (0.0 51.2 256.0) (0.0 51.2 256.0) (0.0 51.2 256.0) (0.0 51.2 256.0)
 (0.0 51.2 256.0) (0.0 51.2 256.0) (0.0 51.2 256.0) (0.0 51.2 256.0) (0.0 51.2 256.0) (0.0 51.2 256.0)
 (0.0 51.2 256.0) (0.0 51.2 256.0) (0.0 51.2 256.0) (0.0 51.2 256.0) (0.0 51.2 256.0) (0.0 51.2 256.0)
 (0.0 51.2 256.0) (0.0 51.2 256.0) (0.0 51.2 256.0) (0.0 51.2 256.0) (0.0 51.2 256.0) (0.0 51.2 256.0)
 (0.0 51.2 256.0) (0.0 51.2 256.0) (0.0 51.2 256.0) (0.0 51.2 256.0) (0.0 51.2 256.0) (0.0 51.2 256.0)
 (0.0 51.2 256.0) (0.0 51.2 256.0) (0.0 51.2 256.0) (0.0 51.2 256.0) (0.0 51.2 256.0) (0.0 51.2 256.0)
 (0.0 51.2 256.0))
((102.4 256.0 102.4) (153.6 256.0 102.4) (153.6 256.0 102.4) (153.6 256.0 102.4) (153.6 256.0 102.4)
 (153.6 256.0 102.4) (153.6 256.0 102.4) (102.4 256.0 102.4) (153.6 256.0 102.4) (153.6 256.0 102.4)
 (153.6 256.0 102.4) (153.6 256.0 102.4) (153.6 256.0 102.4) (153.6 256.0 102.4) (102.4 256.0 102.4)
 (153.6 256.0 102.4) (153.6 256.0 102.4) (153.6 256.0 102.4) (153.6 256.0 102.4) (153.6 256.0 102.4)
 (153.6 256.0 102.4) (153.6 256.0 102.4) (102.4 256.0 102.4) (153.6 256.0 102.4) (153.6 256.0 102.4)
 (153.6 256.0 102.4) (153.6 256.0 102.4) (153.6 256.0 102.4) (153.6 256.0 102.4) (153.6 256.0 102.4)
 (102.4 256.0 102.4) (153.6 256.0 102.4) (153.6 256.0 102.4) (153.6 256.0 102.4) (153.6 256.0 102.4)
 (153.6 256.0 102.4) (153.6 256.0 102.4) (153.6 256.0 102.4) (102.4 256.0 102.4) (153.6 256.0 102.4)
 (153.6 256.0 102.4) (153.6 256.0 102.4) (153.6 256.0 102.4) (153.6 256.0 102.4) (153.6 256.0 102.4)
 (153.6 256.0 102.4) (153.6 256.0 102.4) (102.4 256.0 102.4) (153.6 256.0 102.4) (153.6 256.0 102.4)
 (153.6 256.0 102.4) (153.6 256.0 102.4) (153.6 256.0 102.4) (153.6 256.0 102.4) (153.6 256.0 102.4)
 (153.6 256.0 102.4) (153.6 256.0 102.4) (153.6 256.0 102.4) (153.6 256.0 102.4) (153.6 256.0 102.4)
 (153.6 256.0 102.4) (153.6 256.0 102.4))
((153.6 153.6 153.6) (153.6 153.6 153.6) (204.8 153.6 153.6) (204.8 153.6 153.6) (153.6 153.6 153.6)
 (204.8 153.6 153.6) (204.8 153.6 153.6) (204.8 153.6 153.6) (204.8 153.6 153.6) (204.8 153.6 153.6)
 (204.8 153.6 153.6) (204.8 153.6 153.6) (204.8 153.6 153.6) (204.8 153.6 153.6) (204.8 153.6 153.6)
 (204.8 153.6 153.6) (204.8 153.6 153.6) (204.8 153.6 153.6) (204.8 153.6 153.6) (204.8 153.6 153.6)
 (204.8 153.6 153.6) (204.8 153.6 153.6) (204.8 153.6 153.6) (204.8 153.6 153.6) (204.8 153.6 153.6)
 (204.8 153.6 153.6) (204.8 153.6 153.6) (204.8 153.6 153.6) (204.8 153.6 153.6) (204.8 153.6 153.6)
 (204.8 153.6 153.6) (204.8 153.6 153.6) (204.8 153.6 153.6) (204.8 153.6 153.6) (204.8 153.6 153.6)
 (204.8 153.6 153.6) (204.8 153.6 153.6) (204.8 153.6 153.6) (204.8 153.6 153.6) (204.8 153.6 153.6)
 (204.8 153.6 153.6) (204.8 153.6 153.6) (204.8 153.6 153.6) (204.8 153.6 153.6) (204.8 153.6 153.6)
 (204.8 153.6 153.6) (204.8 153.6 153.6) (204.8 153.6 153.6) (204.8 153.6 153.6) (204.8 153.6 153.6)
 (204.8 153.6 153.6) (204.8 153.6 153.6) (204.8 153.6 153.6) (204.8 153.6 153.6) (204.8 153.6 153.6)
 (204.8 153.6 153.6) (204.8 153.6 153.6) (204.8 153.6 153.6) (204.8 153.6 153.6) (204.8 153.6 153.6)
 (204.8 153.6 153.6) (204.8 153.6 153.6))
((51.2 102.4 0.0) (51.2 102.4 0.0) (51.2 51.2 0.0) (51.2 51.2 0.0) (51.2 51.2 0.0) (51.2 51.2 0.0) (51.2 51.2 0.0)
 (51.2 51.2 0.0) (51.2 51.2 0.0) (51.2 51.2 0.0) (51.2 51.2 0.0) (51.2 51.2 0.0) (51.2 51.2 0.0) (102.4 51.2 0.0)
 (102.4 51.2 0.0) (51.2 102.4 0.0) (51.2 102.4 0.0) (51.2 51.2 0.0) (51.2 51.2 0.0) (51.2 51.2 0.0) (51.2 51.2 0.0)
 (51.2 51.2 0.0) (51.2 51.2 0.0) (51.2 51.2 0.0) (102.4 51.2 0.0) (102.4 51.2 0.0) (51.2 102.4 0.0) (51.2 51.2 0.0)
 (51.2 51.2 0.0) (51.2 51.2 0.0) (51.2 51.2 0.0) (51.2 51.2 0.0) (51.2 51.2 0.0) (51.2 51.2 0.0) (102.4 51.2 0.0)
 (102.4 51.2 0.0) (51.2 102.4 0.0) (51.2 51.2 0.0) (51.2 51.2 0.0) (51.2 51.2 0.0) (51.2 51.2 0.0) (51.2 51.2 0.0)
 (51.2 51.2 0.0) (51.2 51.2 0.0) (102.4 51.2 0.0) (51.2 102.4 0.0) (51.2 51.2 0.0) (51.2 51.2 0.0) (51.2 51.2 0.0)
 (51.2 51.2 0.0) (51.2 51.2 0.0) (51.2 51.2 0.0) (51.2 51.2 0.0) (102.4 51.2 0.0) (51.2 102.4 0.0) (51.2 51.2 0.0)
 (51.2 51.2 0.0) (51.2 51.2 0.0) (51.2 51.2 0.0) (51.2 51.2 0.0) (51.2 51.2 0.0) (51.2 51.2 0.0) (102.4 51.2 0.0)
 (51.2 102.4 0.0) (51.2 51.2 0.0) (51.2 51.2 0.0) (51.2 51.2 0.0) (51.2 51.2 0.0) (51.2 51.2 0.0) (51.2 51.2 0.0)
 (51.2 51.2 0.0) (102.4 51.2 0.0) (51.2 102.4 0.0) (51.2 51.2 0.0) (51.2 51.2 0.0) (51.2 51.2 0.0) (51.2 51.2 0.0)
 (51.2 51.2 0.0) (51.2 51.2 0.0) (51.2 51.2 0.0) (102.4 51.2 0.0) (102.4 51.2 0.0) (51.2 51.2 0.0) (102.4 51.2 0.0)
 (102.4 51.2 0.0))
((0.0 204.8 204.8) (0.0 204.8 153.6) (0.0 204.8 153.6) (0.0 204.8 153.6) (0.0 204.8 153.6) (0.0 204.8 153.6)
 (0.0 204.8 153.6) (0.0 204.8 153.6) (0.0 204.8 153.6) (0.0 204.8 153.6) (0.0 204.8 153.6) (0.0 204.8 153.6)
 (0.0 204.8 153.6) (0.0 204.8 153.6) (0.0 153.6 153.6) (0.0 204.8 153.6) (0.0 204.8 153.6) (0.0 204.8 153.6)
 (0.0 204.8 153.6) (0.0 204.8 153.6) (0.0 204.8 153.6) (0.0 204.8 153.6) (0.0 204.8 153.6) (0.0 204.8 153.6)
 (0.0 204.8 153.6) (0.0 204.8 153.6) (0.0 204.8 153.6) (0.0 204.8 153.6) (0.0 204.8 153.6) (0.0 204.8 153.6)
 (0.0 204.8 153.6) (0.0 153.6 153.6) (0.0 204.8 153.6) (0.0 204.8 153.6) (0.0 204.8 153.6) (0.0 204.8 153.6)
 (0.0 204.8 153.6) (0.0 204.8 153.6) (0.0 204.8 153.6) (0.0 204.8 102.4) (0.0 153.6 153.6) (0.0 204.8 153.6)
 (0.0 204.8 153.6) (0.0 204.8 153.6) (0.0 204.8 153.6) (0.0 204.8 153.6) (0.0 204.8 153.6) (0.0 204.8 102.4)
 (0.0 153.6 153.6) (0.0 204.8 153.6) (0.0 204.8 153.6) (0.0 204.8 153.6) (0.0 204.8 153.6) (0.0 204.8 153.6)
 (0.0 204.8 102.4) (51.2 153.6 153.6) (0.0 153.6 153.6) (0.0 204.8 102.4) (0.0 204.8 102.4) (0.0 204.8 102.4)
 (51.2 153.6 153.6))
((102.4 102.4 51.2) (102.4 102.4 51.2) (102.4 102.4 51.2) (102.4 102.4 51.2) (102.4 102.4 51.2) (102.4 102.4 0.0)
 (102.4 102.4 0.0) (102.4 102.4 0.0) (102.4 102.4 51.2) (102.4 102.4 51.2) (102.4 102.4 51.2) (102.4 102.4 51.2)
 (102.4 102.4 0.0) (102.4 102.4 0.0) (102.4 102.4 0.0) (102.4 102.4 0.0) (102.4 102.4 0.0) (102.4 102.4 0.0)
 (102.4 102.4 51.2) (102.4 102.4 51.2) (102.4 102.4 51.2) (102.4 102.4 0.0) (102.4 102.4 0.0) (102.4 102.4 0.0)
 (102.4 102.4 0.0) (102.4 102.4 0.0) (102.4 102.4 0.0) (102.4 102.4 0.0) (102.4 102.4 0.0) (102.4 102.4 0.0)
 (102.4 102.4 0.0) (102.4 102.4 51.2) (102.4 102.4 0.0) (102.4 102.4 0.0) (102.4 102.4 0.0) (102.4 102.4 0.0)
 (102.4 102.4 0.0) (102.4 102.4 0.0) (102.4 102.4 0.0) (102.4 102.4 0.0) (102.4 102.4 0.0) (102.4 102.4 0.0)
 (102.4 102.4 51.2) (102.4 102.4 0.0) (102.4 102.4 0.0) (102.4 102.4 0.0) (102.4 102.4 0.0) (102.4 102.4 0.0)
 (102.4 102.4 0.0) (102.4 102.4 0.0) (102.4 102.4 0.0) (102.4 102.4 0.0) (102.4 102.4 51.2) (102.4 102.4 0.0)
 (102.4 102.4 0.0) (102.4 102.4 0.0) (102.4 102.4 0.0) (102.4 102.4 0.0) (102.4 102.4 0.0) (102.4 102.4 0.0)
 (102.4 102.4 0.0) (102.4 102.4 0.0) (102.4 102.4 0.0) (102.4 102.4 0.0) (102.4 102.4 0.0) (102.4 102.4 0.0)
 (102.4 102.4 0.0) (102.4 102.4 0.0) (102.4 102.4 0.0) (102.4 102.4 0.0) (102.4 102.4 0.0) (102.4 102.4 0.0)
 (102.4 102.4 0.0) (102.4 102.4 0.0) (102.4 102.4 0.0) (102.4 102.4 0.0) (102.4 102.4 0.0) (102.4 102.4 0.0)
 (102.4 102.4 0.0) (102.4 102.4 0.0) (102.4 102.4 0.0) (102.4 102.4 0.0) (102.4 102.4 0.0))
((256.0 153.6 204.8) (256.0 153.6 204.8) (256.0 153.6 204.8) (256.0 102.4 204.8) (256.0 102.4 204.8)
 (256.0 102.4 153.6) (256.0 102.4 204.8) (256.0 102.4 204.8) (256.0 102.4 204.8) (256.0 102.4 204.8)
 (204.8 102.4 204.8) (256.0 102.4 153.6) (256.0 102.4 153.6) (256.0 102.4 204.8) (256.0 102.4 204.8)
 (256.0 102.4 204.8) (256.0 102.4 204.8) (256.0 102.4 204.8) (256.0 102.4 204.8) (256.0 102.4 204.8)
 (204.8 102.4 204.8) (204.8 102.4 204.8) (256.0 102.4 153.6) (256.0 102.4 153.6) (256.0 102.4 204.8)
 (256.0 102.4 204.8) (256.0 102.4 204.8) (256.0 102.4 204.8) (256.0 102.4 204.8) (256.0 102.4 204.8)
 (256.0 102.4 204.8) (256.0 102.4 204.8) (204.8 102.4 204.8) (256.0 102.4 153.6) (256.0 102.4 204.8)
 (256.0 102.4 204.8) (256.0 102.4 204.8) (256.0 102.4 204.8) (256.0 102.4 204.8) (256.0 102.4 204.8)
 (256.0 102.4 204.8) (256.0 102.4 204.8) (256.0 102.4 204.8) (256.0 102.4 204.8) (256.0 102.4 204.8)
 (256.0 102.4 204.8) (256.0 102.4 204.8) (256.0 102.4 204.8) (256.0 102.4 204.8) (256.0 102.4 204.8)
 (256.0 102.4 204.8) (256.0 102.4 204.8) (256.0 102.4 204.8) (256.0 102.4 204.8) (256.0 102.4 204.8)
 (256.0 102.4 204.8) (256.0 102.4 204.8) (256.0 102.4 204.8) (256.0 102.4 204.8) (256.0 102.4 204.8)
 (256.0 102.4 204.8) (256.0 102.4 204.8) (256.0 102.4 204.8) (256.0 102.4 204.8) (256.0 102.4 204.8)
 (256.0 102.4 204.8) (256.0 102.4 204.8) (256.0 102.4 204.8) (256.0 102.4 204.8) (256.0 102.4 204.8)
 (256.0 102.4 204.8))
((204.8 256.0 153.6) (204.8 256.0 153.6) (204.8 256.0 153.6) (204.8 256.0 153.6) (204.8 256.0 153.6)
 (204.8 256.0 153.6) (204.8 256.0 153.6) (204.8 256.0 153.6) (204.8 256.0 153.6) (204.8 256.0 153.6)
 (204.8 256.0 153.6) (204.8 256.0 153.6) (204.8 256.0 153.6) (204.8 256.0 153.6) (204.8 256.0 153.6)
 (204.8 256.0 153.6) (204.8 256.0 153.6) (204.8 256.0 153.6) (204.8 256.0 153.6) (204.8 256.0 153.6)
 (204.8 256.0 153.6) (204.8 256.0 153.6) (204.8 256.0 153.6) (204.8 256.0 153.6) (204.8 256.0 153.6)
 (204.8 256.0 153.6) (204.8 256.0 153.6) (204.8 256.0 102.4) (204.8 256.0 153.6) (204.8 256.0 153.6)
 (204.8 256.0 153.6) (204.8 256.0 153.6) (204.8 256.0 153.6) (204.8 256.0 153.6) (204.8 256.0 102.4)
 (204.8 256.0 153.6) (204.8 256.0 153.6) (204.8 256.0 153.6) (204.8 256.0 153.6) (204.8 256.0 153.6)
 (204.8 256.0 102.4) (204.8 256.0 153.6) (204.8 256.0 153.6) (153.6 256.0 153.6) (153.6 256.0 153.6)
 (153.6 256.0 153.6))
((204.8 153.6 256.0) (204.8 153.6 256.0) (204.8 153.6 256.0) (204.8 153.6 256.0) (204.8 153.6 256.0)
 (204.8 153.6 256.0) (204.8 153.6 256.0) (204.8 153.6 256.0) (204.8 153.6 256.0) (204.8 153.6 256.0)
 (204.8 153.6 256.0) (204.8 153.6 256.0) (204.8 153.6 256.0) (204.8 153.6 256.0) (204.8 153.6 256.0)
 (204.8 153.6 256.0) (204.8 153.6 256.0) (204.8 153.6 256.0) (204.8 153.6 256.0) (204.8 153.6 256.0)
 (204.8 153.6 256.0) (204.8 153.6 256.0) (204.8 153.6 256.0) (204.8 153.6 256.0) (204.8 153.6 256.0)
 (204.8 153.6 256.0) (204.8 153.6 256.0) (204.8 153.6 256.0) (204.8 153.6 256.0) (204.8 153.6 256.0)
 (204.8 153.6 256.0) (204.8 102.4 256.0) (204.8 102.4 256.0))
((102.4 204.8 204.8) (102.4 204.8 204.8) (102.4 204.8 204.8) (102.4 204.8 204.8) (102.4 204.8 204.8)
 (102.4 204.8 204.8) (102.4 204.8 153.6) (102.4 153.6 204.8) (102.4 153.6 204.8) (102.4 153.6 204.8)
 (102.4 153.6 204.8) (102.4 153.6 153.6) (102.4 153.6 204.8) (102.4 153.6 204.8) (102.4 153.6 204.8)
 (102.4 153.6 204.8) (102.4 153.6 204.8) (102.4 153.6 204.8) (102.4 153.6 204.8) (102.4 153.6 204.8)
 (102.4 153.6 204.8) (102.4 153.6 204.8) (102.4 153.6 204.8) (102.4 153.6 204.8) (102.4 153.6 204.8)
 (102.4 153.6 204.8) (102.4 153.6 204.8) (102.4 153.6 204.8) (102.4 153.6 204.8) (102.4 153.6 204.8))
((51.2 256.0 102.4) (51.2 256.0 102.4) (51.2 256.0 102.4) (51.2 256.0 102.4) (51.2 256.0 51.2) (51.2 256.0 51.2)
 (102.4 256.0 51.2) (51.2 256.0 102.4) (51.2 256.0 51.2) (51.2 256.0 51.2) (51.2 256.0 51.2) (51.2 256.0 51.2)
 (102.4 256.0 51.2) (102.4 256.0 51.2) (51.2 256.0 102.4) (51.2 256.0 51.2) (51.2 256.0 51.2) (51.2 256.0 51.2)
 (51.2 256.0 51.2) (51.2 256.0 51.2) (51.2 256.0 51.2) (102.4 256.0 51.2) (102.4 256.0 51.2) (51.2 256.0 51.2)
 (51.2 256.0 51.2) (51.2 256.0 51.2) (51.2 256.0 51.2) (51.2 256.0 51.2) (51.2 256.0 51.2) (51.2 256.0 51.2)
 (102.4 256.0 51.2) (102.4 256.0 51.2) (51.2 256.0 51.2) (51.2 256.0 51.2) (51.2 256.0 51.2) (51.2 256.0 51.2)
 (51.2 256.0 51.2) (51.2 256.0 51.2) (51.2 256.0 51.2) (51.2 256.0 51.2) (102.4 256.0 51.2) (51.2 256.0 51.2)
 (51.2 256.0 51.2) (51.2 256.0 51.2) (51.2 256.0 51.2) (51.2 256.0 51.2) (51.2 256.0 51.2) (51.2 256.0 51.2)
 (102.4 256.0 51.2) (51.2 256.0 51.2) (51.2 256.0 51.2) (51.2 256.0 51.2) (51.2 256.0 51.2) (51.2 256.0 51.2)
 (51.2 256.0 51.2) (102.4 256.0 51.2) (102.4 256.0 51.2) (51.2 256.0 51.2) (51.2 256.0 51.2) (51.2 256.0 51.2)
 (51.2 256.0 51.2) (51.2 256.0 51.2) (102.4 256.0 51.2) (102.4 256.0 51.2) (51.2 256.0 51.2) (51.2 256.0 51.2)
 (51.2 256.0 51.2) (51.2 256.0 51.2) (102.4 256.0 51.2) (102.4 256.0 51.2))
((256.0 153.6 153.6) (256.0 153.6 153.6) (256.0 153.6 102.4) (256.0 153.6 153.6) (256.0 153.6 153.6)
 (256.0 153.6 153.6) (256.0 153.6 153.6) (256.0 153.6 153.6) (256.0 153.6 153.6) (256.0 153.6 153.6)
 (256.0 153.6 153.6) (256.0 153.6 153.6) (256.0 153.6 153.6) (256.0 153.6 153.6) (256.0 153.6 153.6)
 (256.0 153.6 153.6) (256.0 153.6 102.4) (256.0 153.6 153.6) (256.0 153.6 153.6) (256.0 153.6 153.6)
 (256.0 153.6 153.6) (256.0 153.6 153.6) (256.0 153.6 153.6) (256.0 153.6 153.6) (256.0 153.6 153.6)
 (256.0 153.6 102.4) (256.0 153.6 153.6) (256.0 153.6 153.6) (256.0 153.6 153.6) (256.0 153.6 153.6)
 (256.0 153.6 153.6) (256.0 153.6 153.6) (256.0 153.6 153.6) (256.0 153.6 153.6) (256.0 153.6 102.4)
 (256.0 153.6 153.6) (256.0 153.6 153.6) (256.0 153.6 153.6) (256.0 153.6 153.6) (256.0 153.6 153.6)
 (256.0 153.6 153.6) (256.0 153.6 153.6) (256.0 153.6 153.6) (256.0 102.4 102.4) (256.0 102.4 102.4)
 (256.0 153.6 153.6) (256.0 153.6 153.6) (256.0 153.6 153.6) (256.0 153.6 153.6) (256.0 153.6 153.6)
 (256.0 153.6 153.6) (256.0 153.6 153.6) (256.0 102.4 102.4) (256.0 153.6 153.6) (256.0 153.6 153.6)
 (256.0 153.6 153.6) (256.0 153.6 153.6) (256.0 153.6 153.6) (256.0 153.6 153.6) (256.0 153.6 153.6))
((256.0 51.2 51.2) (256.0 51.2 51.2) (256.0 51.2 102.4) (256.0 51.2 102.4) (256.0 51.2 102.4) (256.0 0.0 102.4)
 (256.0 0.0 102.4) (256.0 0.0 102.4) (256.0 0.0 102.4) (256.0 0.0 102.4) (256.0 0.0 102.4) (256.0 51.2 102.4)
 (256.0 0.0 102.4) (256.0 0.0 102.4) (256.0 0.0 102.4) (256.0 0.0 102.4) (256.0 0.0 102.4) (256.0 0.0 102.4)
 (256.0 0.0 102.4) (256.0 51.2 102.4) (256.0 0.0 102.4) (256.0 0.0 102.4) (256.0 0.0 102.4) (256.0 0.0 102.4)
 (256.0 0.0 102.4) (256.0 0.0 102.4) (256.0 0.0 102.4) (256.0 0.0 102.4) (256.0 0.0 102.4) (256.0 0.0 102.4)
 (256.0 0.0 102.4) (256.0 0.0 102.4) (256.0 0.0 102.4) (256.0 0.0 102.4) (256.0 0.0 102.4) (256.0 0.0 102.4)
 (256.0 0.0 102.4) (256.0 0.0 102.4) (256.0 0.0 102.4) (256.0 0.0 102.4) (256.0 0.0 102.4) (256.0 0.0 102.4)
 (256.0 0.0 102.4) (256.0 0.0 102.4) (256.0 0.0 102.4) (256.0 0.0 102.4) (256.0 0.0 102.4) (256.0 0.0 102.4)
 (256.0 0.0 102.4) (256.0 0.0 102.4) (256.0 0.0 102.4) (256.0 0.0 102.4) (256.0 0.0 102.4) (256.0 0.0 102.4)
 (256.0 0.0 102.4) (256.0 0.0 102.4) (256.0 0.0 102.4) (256.0 0.0 102.4) (256.0 0.0 102.4))
((51.2 153.6 102.4) (51.2 153.6 102.4) (51.2 153.6 102.4) (51.2 153.6 102.4) (102.4 153.6 102.4) (51.2 153.6 102.4)
 (102.4 153.6 102.4) (102.4 153.6 102.4) (51.2 153.6 102.4) (102.4 153.6 102.4) (102.4 153.6 102.4)
 (102.4 153.6 102.4) (102.4 153.6 102.4) (102.4 153.6 102.4) (102.4 153.6 102.4) (102.4 153.6 102.4)
 (102.4 153.6 102.4) (102.4 153.6 102.4) (102.4 153.6 102.4) (102.4 153.6 102.4) (102.4 153.6 102.4)
 (102.4 153.6 102.4) (102.4 153.6 102.4) (102.4 153.6 102.4) (102.4 153.6 102.4) (102.4 153.6 102.4)
 (102.4 153.6 102.4) (102.4 153.6 102.4) (102.4 153.6 102.4) (102.4 153.6 102.4) (102.4 153.6 102.4)
 (102.4 153.6 102.4) (102.4 153.6 102.4) (102.4 153.6 102.4) (102.4 153.6 102.4) (102.4 153.6 102.4)
 (102.4 153.6 102.4) (102.4 153.6 102.4) (102.4 153.6 102.4) (102.4 153.6 102.4) (102.4 153.6 102.4)
 (102.4 153.6 102.4) (102.4 153.6 102.4) (102.4 153.6 102.4) (102.4 153.6 102.4) (102.4 153.6 102.4)
 (102.4 153.6 102.4) (102.4 153.6 102.4) (102.4 153.6 102.4) (102.4 153.6 102.4) (102.4 153.6 102.4)
 (102.4 153.6 102.4) (102.4 153.6 102.4) (102.4 153.6 102.4) (102.4 153.6 102.4) (102.4 153.6 102.4)
 (102.4 153.6 102.4) (102.4 153.6 102.4) (102.4 153.6 102.4) (102.4 153.6 102.4) (102.4 153.6 102.4)
 (102.4 153.6 102.4) (102.4 153.6 102.4) (102.4 153.6 102.4) (102.4 153.6 102.4) (102.4 153.6 102.4)
 (102.4 153.6 102.4) (102.4 153.6 102.4) (102.4 153.6 102.4) (102.4 153.6 102.4) (102.4 153.6 102.4)
 (102.4 153.6 102.4) (102.4 153.6 102.4) (102.4 153.6 102.4) (102.4 153.6 102.4) (102.4 153.6 102.4)
 (102.4 153.6 102.4) (102.4 153.6 102.4) (102.4 153.6 102.4) (102.4 153.6 102.4) (102.4 153.6 102.4)
 (102.4 153.6 102.4) (102.4 153.6 102.4) (102.4 153.6 102.4) (102.4 153.6 102.4) (102.4 153.6 102.4)
 (102.4 153.6 102.4) (102.4 153.6 102.4) (102.4 153.6 102.4) (102.4 153.6 102.4))
((0.0 0.0 256.0) (0.0 0.0 256.0) (0.0 0.0 256.0) (0.0 0.0 256.0) (0.0 0.0 256.0) (0.0 0.0 256.0) (0.0 0.0 256.0)
 (0.0 0.0 256.0) (0.0 0.0 256.0) (0.0 0.0 256.0) (0.0 0.0 256.0) (0.0 0.0 256.0) (0.0 0.0 256.0) (0.0 0.0 256.0)
 (0.0 0.0 256.0) (0.0 0.0 256.0) (0.0 0.0 256.0) (0.0 0.0 256.0) (0.0 0.0 256.0) (0.0 0.0 256.0) (0.0 0.0 256.0)
 (0.0 0.0 256.0) (0.0 0.0 256.0) (0.0 0.0 256.0) (0.0 0.0 256.0) (0.0 0.0 256.0) (0.0 0.0 256.0))
((153.6 153.6 204.8) (153.6 153.6 204.8) (153.6 153.6 204.8) (153.6 153.6 204.8) (153.6 153.6 204.8)
 (153.6 153.6 204.8) (153.6 153.6 204.8) (153.6 153.6 204.8) (153.6 153.6 204.8) (153.6 153.6 204.8)
 (153.6 153.6 204.8) (153.6 153.6 204.8) (153.6 153.6 204.8) (153.6 153.6 204.8) (153.6 153.6 204.8)
 (153.6 153.6 204.8) (153.6 153.6 204.8) (153.6 153.6 204.8) (153.6 153.6 204.8) (153.6 153.6 204.8)
 (153.6 153.6 204.8) (153.6 153.6 204.8) (153.6 153.6 204.8) (153.6 153.6 204.8) (153.6 153.6 204.8)
 (153.6 153.6 204.8) (153.6 153.6 204.8) (153.6 153.6 204.8) (153.6 153.6 204.8) (153.6 153.6 204.8)
 (153.6 153.6 204.8) (153.6 153.6 204.8) (153.6 153.6 204.8) (153.6 153.6 204.8) (153.6 153.6 204.8)
 (153.6 153.6 204.8) (153.6 153.6 204.8) (153.6 153.6 204.8) (153.6 153.6 204.8) (153.6 153.6 204.8)
 (153.6 153.6 204.8) (153.6 153.6 204.8) (153.6 153.6 204.8) (153.6 153.6 204.8) (153.6 153.6 204.8)
 (153.6 153.6 204.8) (153.6 153.6 204.8) (153.6 153.6 204.8) (153.6 153.6 204.8) (153.6 153.6 204.8)
 (153.6 153.6 204.8) (153.6 153.6 204.8) (153.6 153.6 204.8) (153.6 153.6 204.8) (153.6 153.6 204.8)
 (153.6 153.6 204.8) (153.6 153.6 204.8))
((204.8 51.2 204.8) (204.8 51.2 204.8) (204.8 51.2 204.8) (204.8 51.2 204.8) (204.8 51.2 204.8) (204.8 51.2 204.8)
 (204.8 51.2 204.8) (204.8 51.2 204.8) (204.8 51.2 204.8) (204.8 51.2 204.8) (204.8 51.2 204.8) (204.8 51.2 204.8)
 (204.8 51.2 204.8) (204.8 51.2 204.8) (204.8 51.2 204.8) (204.8 51.2 204.8) (204.8 51.2 204.8) (204.8 51.2 204.8)
 (204.8 51.2 204.8) (204.8 51.2 204.8) (256.0 51.2 204.8) (256.0 51.2 204.8) (256.0 51.2 204.8) (204.8 51.2 204.8)
 (204.8 51.2 204.8) (204.8 51.2 204.8) (204.8 51.2 204.8) (256.0 51.2 204.8) (256.0 51.2 204.8) (256.0 51.2 204.8)
 (256.0 51.2 204.8) (256.0 51.2 204.8) (256.0 51.2 204.8) (256.0 51.2 204.8) (256.0 51.2 204.8) (204.8 51.2 204.8)
 (204.8 51.2 204.8) (204.8 51.2 204.8) (204.8 51.2 204.8))