  i i i i i i i       ooooo    o        ooooooo   ooooo   ooooo
  I I I I I I I      8     8   8           8     8     o  8    8
  I  \ `+' /  I      8         8           8     8        8    8
   \  `-+-'  /       8         8           8      ooooo   8oooo
    `-__|__-'        8         8           8           8  8
        |            8     o   8           8     o     8  8
  ------+------       ooooo    8oooooo  ooo8ooo   ooooo   8

Welcome to GNU CLISP 2.49 (2010-07-07) <http://clisp.cons.org/>

Copyright (c) Bruno Haible, Michael Stoll 1992, 1993
Copyright (c) Bruno Haible, Marcus Daniels 1994-1997
Copyright (c) Bruno Haible, Pierpaolo Bernardi, Sam Steingold 1998
Copyright (c) Bruno Haible, Sam Steingold 1999-2000
Copyright (c) Sam Steingold, Bruno Haible 2001-2010

Type :h and hit Enter for context help.

;; Loading file C:\Users\Kyle\.clisprc.lisp ...
;;  Loading file C:\Users\Kyle\quicklisp\setup.lisp ...
;;   Loading file C:\Users\Kyle\quicklisp\ASDF.lisp ...
;;   Loaded file C:\Users\Kyle\quicklisp\ASDF.lisp
;;  Loaded file C:\Users\Kyle\quicklisp\setup.lisp
;; Loaded file C:\Users\Kyle\.clisprc.lisp
[1]> (load "task4.lsp")
;; Loading file task4.lsp ...
To load "vecto":
  Load 1 ASDF system:
    vecto
; Loading "vecto"

;;  Loading file task3.lsp ...
To load "vecto":
  Load 1 ASDF system:
    vecto
; Loading "vecto"

;;   Loading file task2.lsp ...
To load "vecto":
  Load 1 ASDF system:
    vecto
; Loading "vecto"

;;    Loading file task1.lsp ...
To load "vecto":
  Load 1 ASDF system:
    vecto
; Loading "vecto"

;;    Loaded file task1.lsp
;;   Loaded file task2.lsp
;;   Loading file lp.lsp ...
;;   Loaded file lp.lsp
;;  Loaded file task3.lsp
;; Loaded file task4.lsp
T
[2]> (in-package #:vecto)
#<PACKAGE VECTO>
VECTO[3]> (setf map (init-screen 'RANDOM))
#2A(((102.4 204.8 256.0) (51.2 153.6 51.2) (102.4 204.8 153.6) (51.2 102.4 51.2) (51.2 0.0 51.2) (204.8 51.2 153.6) (153.6 51.2 256.0) (204.8 51.2 204.8) (102.4 256.0 204.8) (204.8 51.2 153.6)
     (204.8 153.6 102.4) (51.2 256.0 102.4) (102.4 102.4 153.6) (51.2 51.2 102.4) (102.4 153.6 102.4) (204.8 51.2 204.8) (0.0 102.4 0.0) (256.0 153.6 51.2) (0.0 0.0 102.4) (0.0 153.6 0.0)
     (256.0 51.2 51.2) (51.2 102.4 0.0) (102.4 102.4 102.4) (153.6 0.0 256.0) (102.4 153.6 204.8) (153.6 51.2 153.6) (51.2 153.6 0.0) (204.8 204.8 204.8) (153.6 204.8 51.2) (51.2 102.4 153.6)
     (153.6 0.0 153.6) (204.8 102.4 204.8) (256.0 51.2 204.8) (153.6 51.2 102.4) (102.4 102.4 153.6) (51.2 204.8 256.0) (51.2 102.4 153.6) (102.4 0.0 256.0) (153.6 102.4 51.2) (256.0 0.0 51.2)
     (204.8 153.6 102.4) (204.8 51.2 102.4) (153.6 153.6 204.8) (204.8 0.0 153.6) (153.6 153.6 204.8) (204.8 51.2 102.4) (51.2 51.2 204.8) (256.0 51.2 256.0) (0.0 51.2 204.8) (256.0 204.8 51.2))
    ((102.4 102.4 256.0) (204.8 51.2 102.4) (0.0 102.4 51.2) (102.4 153.6 256.0) (0.0 51.2 51.2) (0.0 153.6 0.0) (204.8 256.0 51.2) (204.8 0.0 204.8) (256.0 204.8 51.2) (204.8 102.4 256.0)
     (204.8 204.8 204.8) (204.8 153.6 204.8) (204.8 0.0 256.0) (153.6 102.4 102.4) (153.6 204.8 102.4) (204.8 51.2 102.4) (102.4 0.0 51.2) (102.4 102.4 51.2) (51.2 51.2 204.8) (204.8 256.0 0.0)
     (51.2 204.8 102.4) (256.0 153.6 204.8) (0.0 256.0 256.0) (256.0 51.2 102.4) (153.6 102.4 256.0) (51.2 153.6 102.4) (204.8 256.0 102.4) (51.2 256.0 0.0) (51.2 204.8 0.0) (204.8 153.6 153.6)
     (153.6 204.8 153.6) (51.2 153.6 0.0) (204.8 204.8 102.4) (204.8 51.2 153.6) (204.8 204.8 51.2) (204.8 0.0 153.6) (153.6 204.8 256.0) (51.2 51.2 51.2) (102.4 102.4 102.4) (0.0 51.2 102.4)
     (102.4 153.6 51.2) (102.4 153.6 204.8) (102.4 153.6 204.8) (204.8 0.0 204.8) (0.0 153.6 102.4) (0.0 0.0 204.8) (204.8 256.0 0.0) (153.6 204.8 256.0) (102.4 0.0 0.0) (153.6 102.4 256.0))
    ((204.8 204.8 102.4) (51.2 102.4 51.2) (102.4 204.8 102.4) (256.0 204.8 102.4) (102.4 102.4 102.4) (256.0 256.0 153.6) (204.8 102.4 51.2) (51.2 204.8 153.6) (204.8 256.0 256.0)
     (51.2 204.8 256.0) (51.2 153.6 0.0) (153.6 204.8 0.0) (0.0 51.2 102.4) (153.6 204.8 256.0) (153.6 51.2 51.2) (102.4 153.6 102.4) (204.8 204.8 0.0) (102.4 51.2 204.8) (102.4 204.8 102.4)
     (102.4 102.4 51.2) (204.8 102.4 51.2) (153.6 204.8 153.6) (256.0 102.4 0.0) (51.2 102.4 204.8) (51.2 153.6 102.4) (153.6 0.0 153.6) (256.0 204.8 153.6) (0.0 204.8 204.8) (0.0 204.8 153.6)
     (51.2 204.8 153.6) (0.0 102.4 204.8) (153.6 204.8 102.4) (204.8 102.4 51.2) (102.4 153.6 153.6) (204.8 153.6 153.6) (204.8 51.2 0.0) (102.4 102.4 153.6) (51.2 204.8 153.6) (153.6 102.4 153.6)
     (51.2 256.0 256.0) (204.8 102.4 51.2) (153.6 256.0 51.2) (102.4 51.2 102.4) (256.0 153.6 102.4) (0.0 102.4 102.4) (204.8 153.6 204.8) (256.0 153.6 102.4) (204.8 51.2 256.0)
     (102.4 256.0 102.4) (204.8 204.8 153.6))
    ((102.4 51.2 256.0) (153.6 204.8 204.8) (102.4 256.0 153.6) (256.0 153.6 153.6) (0.0 256.0 256.0) (0.0 102.4 153.6) (153.6 204.8 204.8) (256.0 102.4 153.6) (204.8 204.8 0.0)
     (204.8 153.6 153.6) (256.0 153.6 204.8) (204.8 153.6 153.6) (153.6 256.0 51.2) (51.2 102.4 51.2) (256.0 153.6 51.2) (102.4 153.6 51.2) (204.8 256.0 204.8) (153.6 51.2 102.4)
     (51.2 256.0 204.8) (204.8 204.8 51.2) (204.8 153.6 0.0) (153.6 51.2 0.0) (102.4 0.0 51.2) (0.0 51.2 51.2) (0.0 102.4 153.6) (102.4 153.6 153.6) (102.4 51.2 204.8) (0.0 153.6 153.6)
     (51.2 204.8 102.4) (102.4 256.0 153.6) (51.2 204.8 0.0) (51.2 153.6 204.8) (256.0 51.2 153.6) (256.0 153.6 204.8) (51.2 0.0 153.6) (153.6 204.8 102.4) (51.2 51.2 204.8) (153.6 204.8 102.4)
     (204.8 102.4 256.0) (153.6 204.8 102.4) (204.8 256.0 102.4) (256.0 153.6 204.8) (204.8 102.4 51.2) (102.4 153.6 0.0) (102.4 204.8 204.8) (51.2 204.8 0.0) (256.0 51.2 204.8) (51.2 102.4 153.6)
     (153.6 204.8 204.8) (0.0 153.6 204.8))
    ((51.2 204.8 204.8) (102.4 153.6 153.6) (204.8 51.2 153.6) (204.8 153.6 51.2) (204.8 0.0 102.4) (0.0 153.6 0.0) (51.2 256.0 153.6) (51.2 204.8 102.4) (51.2 102.4 51.2) (0.0 204.8 102.4)
     (153.6 0.0 153.6) (204.8 256.0 0.0) (51.2 0.0 153.6) (204.8 153.6 153.6) (102.4 204.8 51.2) (102.4 51.2 51.2) (153.6 204.8 153.6) (102.4 51.2 102.4) (102.4 102.4 51.2) (204.8 153.6 0.0)
     (204.8 204.8 153.6) (51.2 204.8 153.6) (51.2 102.4 102.4) (153.6 102.4 256.0) (51.2 0.0 51.2) (204.8 102.4 102.4) (153.6 204.8 204.8) (0.0 0.0 0.0) (51.2 153.6 0.0) (51.2 204.8 153.6)
     (102.4 204.8 102.4) (204.8 51.2 153.6) (102.4 204.8 51.2) (153.6 204.8 51.2) (51.2 204.8 153.6) (102.4 0.0 153.6) (256.0 256.0 153.6) (204.8 0.0 204.8) (51.2 0.0 204.8) (51.2 204.8 51.2)
     (153.6 204.8 256.0) (153.6 102.4 153.6) (102.4 204.8 102.4) (51.2 0.0 102.4) (0.0 0.0 51.2) (153.6 102.4 102.4) (153.6 102.4 102.4) (204.8 153.6 204.8) (204.8 51.2 153.6) (204.8 204.8 204.8))
    ((153.6 102.4 256.0) (51.2 204.8 102.4) (0.0 153.6 256.0) (256.0 0.0 51.2) (0.0 204.8 153.6) (102.4 204.8 0.0) (0.0 51.2 102.4) (204.8 0.0 51.2) (204.8 204.8 204.8) (51.2 102.4 51.2)
     (256.0 256.0 51.2) (102.4 204.8 204.8) (0.0 204.8 256.0) (153.6 102.4 204.8) (256.0 153.6 0.0) (0.0 102.4 102.4) (102.4 102.4 204.8) (256.0 102.4 204.8) (51.2 51.2 102.4) (153.6 102.4 153.6)
     (204.8 102.4 256.0) (204.8 204.8 153.6) (153.6 204.8 102.4) (102.4 102.4 0.0) (204.8 0.0 153.6) (153.6 153.6 102.4) (204.8 102.4 153.6) (153.6 51.2 204.8) (153.6 204.8 102.4)
     (102.4 51.2 51.2) (102.4 102.4 102.4) (102.4 204.8 256.0) (153.6 51.2 153.6) (51.2 51.2 153.6) (153.6 102.4 0.0) (153.6 153.6 204.8) (153.6 51.2 51.2) (153.6 0.0 0.0) (102.4 153.6 0.0)
     (51.2 0.0 204.8) (102.4 256.0 0.0) (204.8 102.4 153.6) (204.8 51.2 153.6) (51.2 153.6 102.4) (51.2 204.8 102.4) (51.2 204.8 51.2) (153.6 204.8 204.8) (153.6 204.8 153.6) (204.8 0.0 153.6)
     (102.4 204.8 204.8))
    ((204.8 0.0 204.8) (204.8 204.8 51.2) (153.6 153.6 0.0) (256.0 51.2 102.4) (153.6 204.8 153.6) (51.2 0.0 153.6) (102.4 153.6 256.0) (153.6 0.0 204.8) (51.2 0.0 204.8) (204.8 153.6 102.4)
     (256.0 51.2 51.2) (204.8 256.0 153.6) (256.0 153.6 51.2) (102.4 153.6 102.4) (51.2 153.6 153.6) (153.6 256.0 0.0) (102.4 153.6 153.6) (51.2 102.4 102.4) (0.0 102.4 102.4) (0.0 0.0 153.6)
     (51.2 153.6 204.8) (102.4 51.2 153.6) (102.4 153.6 51.2) (0.0 102.4 51.2) (256.0 0.0 153.6) (51.2 204.8 153.6) (204.8 153.6 0.0) (102.4 204.8 204.8) (102.4 204.8 51.2) (51.2 102.4 204.8)
     (0.0 102.4 256.0) (51.2 102.4 51.2) (256.0 102.4 204.8) (102.4 102.4 256.0) (153.6 102.4 256.0) (204.8 204.8 204.8) (51.2 51.2 204.8) (204.8 153.6 102.4) (256.0 51.2 102.4) (204.8 51.2 102.4)
     (102.4 204.8 153.6) (102.4 102.4 153.6) (204.8 102.4 102.4) (153.6 204.8 153.6) (102.4 102.4 153.6) (204.8 102.4 256.0) (256.0 0.0 256.0) (153.6 204.8 102.4) (102.4 102.4 153.6)
     (51.2 51.2 153.6))
    ((204.8 204.8 51.2) (204.8 51.2 204.8) (51.2 51.2 256.0) (102.4 153.6 102.4) (102.4 102.4 204.8) (204.8 51.2 204.8) (256.0 0.0 153.6) (51.2 51.2 256.0) (204.8 51.2 51.2) (204.8 204.8 51.2)
     (51.2 256.0 102.4) (51.2 204.8 204.8) (204.8 0.0 256.0) (102.4 102.4 0.0) (204.8 153.6 153.6) (204.8 153.6 102.4) (51.2 204.8 204.8) (102.4 204.8 51.2) (102.4 51.2 51.2) (51.2 102.4 204.8)
     (204.8 51.2 0.0) (204.8 204.8 0.0) (153.6 204.8 153.6) (0.0 51.2 102.4) (51.2 51.2 51.2) (51.2 153.6 51.2) (102.4 153.6 204.8) (204.8 153.6 102.4) (51.2 204.8 0.0) (256.0 204.8 102.4)
     (256.0 102.4 204.8) (204.8 153.6 153.6) (51.2 256.0 102.4) (102.4 51.2 256.0) (51.2 256.0 51.2) (51.2 153.6 256.0) (153.6 204.8 153.6) (102.4 102.4 51.2) (153.6 51.2 256.0) (51.2 204.8 102.4)
     (51.2 51.2 0.0) (51.2 204.8 153.6) (51.2 153.6 51.2) (102.4 256.0 204.8) (51.2 51.2 0.0) (0.0 204.8 102.4) (51.2 102.4 51.2) (256.0 153.6 0.0) (51.2 0.0 102.4) (102.4 153.6 51.2))
    ((256.0 102.4 0.0) (204.8 153.6 0.0) (204.8 204.8 153.6) (51.2 204.8 204.8) (51.2 102.4 153.6) (153.6 51.2 256.0) (102.4 51.2 204.8) (102.4 102.4 256.0) (153.6 256.0 204.8) (102.4 256.0 204.8)
     (51.2 102.4 204.8) (204.8 102.4 51.2) (102.4 0.0 51.2) (204.8 204.8 51.2) (102.4 204.8 51.2) (153.6 153.6 102.4) (102.4 256.0 256.0) (153.6 102.4 204.8) (51.2 102.4 256.0) (102.4 153.6 204.8)
     (204.8 153.6 102.4) (102.4 204.8 153.6) (51.2 204.8 102.4) (153.6 256.0 204.8) (51.2 256.0 102.4) (153.6 102.4 51.2) (51.2 153.6 51.2) (204.8 204.8 153.6) (102.4 51.2 0.0) (204.8 153.6 102.4)
     (51.2 0.0 204.8) (51.2 153.6 153.6) (51.2 153.6 102.4) (204.8 102.4 0.0) (102.4 51.2 102.4) (51.2 51.2 0.0) (51.2 153.6 204.8) (51.2 102.4 51.2) (0.0 153.6 51.2) (51.2 153.6 153.6)
     (51.2 153.6 51.2) (102.4 0.0 51.2) (153.6 102.4 204.8) (153.6 256.0 51.2) (153.6 0.0 0.0) (204.8 204.8 51.2) (51.2 51.2 51.2) (204.8 51.2 51.2) (204.8 0.0 102.4) (0.0 153.6 102.4))
    ((0.0 204.8 153.6) (204.8 153.6 204.8) (204.8 102.4 204.8) (153.6 153.6 204.8) (153.6 0.0 153.6) (153.6 0.0 153.6) (102.4 102.4 102.4) (51.2 256.0 0.0) (51.2 51.2 256.0) (204.8 153.6 153.6)
     (51.2 256.0 0.0) (153.6 0.0 153.6) (51.2 153.6 204.8) (51.2 102.4 51.2) (0.0 102.4 204.8) (0.0 102.4 153.6) (102.4 0.0 51.2) (153.6 51.2 204.8) (0.0 204.8 102.4) (256.0 204.8 256.0)
     (153.6 153.6 51.2) (256.0 256.0 51.2) (102.4 204.8 102.4) (153.6 153.6 51.2) (51.2 102.4 153.6) (153.6 153.6 0.0) (102.4 256.0 153.6) (0.0 204.8 102.4) (0.0 102.4 0.0) (51.2 102.4 51.2)
     (102.4 204.8 102.4) (153.6 204.8 51.2) (102.4 153.6 0.0) (153.6 102.4 0.0) (256.0 51.2 102.4) (204.8 51.2 204.8) (102.4 153.6 256.0) (204.8 204.8 153.6) (51.2 102.4 204.8) (153.6 204.8 256.0)
     (153.6 102.4 256.0) (0.0 204.8 102.4) (102.4 153.6 102.4) (0.0 204.8 51.2) (153.6 51.2 51.2) (153.6 102.4 51.2) (204.8 153.6 204.8) (102.4 204.8 204.8) (204.8 256.0 0.0) (204.8 102.4 153.6))
    ((204.8 102.4 102.4) (204.8 51.2 0.0) (102.4 102.4 153.6) (102.4 102.4 51.2) (256.0 153.6 204.8) (0.0 204.8 0.0) (153.6 153.6 204.8) (0.0 256.0 153.6) (204.8 102.4 204.8) (51.2 102.4 204.8)
     (153.6 102.4 51.2) (256.0 0.0 204.8) (256.0 0.0 102.4) (204.8 204.8 51.2) (204.8 153.6 102.4) (51.2 51.2 204.8) (153.6 51.2 153.6) (204.8 204.8 204.8) (102.4 153.6 102.4) (204.8 102.4 153.6)
     (0.0 102.4 153.6) (102.4 153.6 153.6) (256.0 0.0 204.8) (51.2 256.0 204.8) (204.8 51.2 204.8) (102.4 51.2 102.4) (51.2 51.2 204.8) (102.4 102.4 153.6) (0.0 51.2 153.6) (51.2 102.4 102.4)
     (0.0 51.2 204.8) (102.4 102.4 256.0) (51.2 102.4 102.4) (256.0 51.2 153.6) (204.8 256.0 256.0) (102.4 102.4 51.2) (256.0 153.6 204.8) (0.0 51.2 51.2) (204.8 153.6 153.6) (0.0 51.2 102.4)
     (204.8 102.4 204.8) (51.2 153.6 51.2) (102.4 102.4 256.0) (153.6 153.6 204.8) (51.2 102.4 0.0) (51.2 51.2 153.6) (153.6 0.0 102.4) (256.0 204.8 0.0) (51.2 0.0 102.4) (204.8 256.0 102.4))
    ((256.0 153.6 51.2) (51.2 51.2 0.0) (51.2 204.8 51.2) (153.6 51.2 51.2) (102.4 204.8 51.2) (102.4 102.4 153.6) (102.4 153.6 102.4) (102.4 153.6 51.2) (102.4 153.6 256.0) (204.8 102.4 204.8)
     (0.0 102.4 102.4) (51.2 204.8 153.6) (204.8 153.6 51.2) (153.6 153.6 0.0) (51.2 102.4 153.6) (102.4 102.4 0.0) (0.0 204.8 102.4) (51.2 51.2 51.2) (102.4 153.6 102.4) (204.8 51.2 102.4)
     (204.8 0.0 0.0) (102.4 102.4 51.2) (51.2 0.0 153.6) (153.6 0.0 0.0) (204.8 0.0 153.6) (204.8 0.0 204.8) (102.4 153.6 153.6) (153.6 102.4 256.0) (51.2 204.8 51.2) (153.6 102.4 102.4)
     (51.2 204.8 204.8) (51.2 204.8 153.6) (0.0 51.2 153.6) (153.6 153.6 0.0) (256.0 0.0 51.2) (51.2 204.8 102.4) (0.0 153.6 51.2) (0.0 102.4 51.2) (102.4 0.0 204.8) (153.6 102.4 51.2)
     (102.4 0.0 204.8) (102.4 102.4 204.8) (204.8 51.2 153.6) (51.2 153.6 102.4) (102.4 153.6 153.6) (0.0 102.4 256.0) (51.2 102.4 153.6) (102.4 0.0 204.8) (0.0 0.0 102.4) (51.2 51.2 153.6))
    ((153.6 204.8 102.4) (204.8 51.2 204.8) (51.2 102.4 51.2) (0.0 153.6 153.6) (51.2 51.2 153.6) (0.0 153.6 51.2) (204.8 102.4 256.0) (102.4 204.8 102.4) (256.0 256.0 204.8) (51.2 256.0 102.4)
     (204.8 0.0 102.4) (256.0 256.0 102.4) (204.8 102.4 204.8) (51.2 102.4 153.6) (102.4 153.6 0.0) (51.2 204.8 204.8) (204.8 204.8 153.6) (204.8 51.2 51.2) (0.0 51.2 204.8) (0.0 51.2 153.6)
     (204.8 51.2 0.0) (102.4 51.2 256.0) (102.4 0.0 153.6) (102.4 102.4 51.2) (102.4 51.2 153.6) (102.4 102.4 102.4) (51.2 256.0 256.0) (0.0 102.4 51.2) (153.6 153.6 102.4) (51.2 204.8 102.4)
     (204.8 204.8 51.2) (204.8 204.8 204.8) (153.6 102.4 0.0) (51.2 204.8 256.0) (51.2 204.8 102.4) (51.2 102.4 153.6) (51.2 51.2 0.0) (51.2 153.6 102.4) (51.2 153.6 51.2) (204.8 204.8 153.6)
     (51.2 102.4 102.4) (153.6 102.4 204.8) (204.8 256.0 102.4) (204.8 51.2 256.0) (204.8 153.6 204.8) (204.8 0.0 153.6) (204.8 51.2 51.2) (51.2 51.2 102.4) (51.2 153.6 204.8) (51.2 102.4 51.2))
    ((51.2 51.2 256.0) (153.6 102.4 256.0) (204.8 102.4 0.0) (153.6 256.0 102.4) (204.8 102.4 102.4) (256.0 0.0 204.8) (51.2 0.0 204.8) (102.4 102.4 51.2) (256.0 0.0 153.6) (51.2 51.2 51.2)
     (102.4 256.0 204.8) (256.0 102.4 102.4) (102.4 153.6 102.4) (204.8 256.0 153.6) (153.6 51.2 204.8) (51.2 0.0 256.0) (204.8 102.4 51.2) (102.4 256.0 204.8) (153.6 51.2 204.8)
     (51.2 204.8 102.4) (153.6 204.8 153.6) (153.6 0.0 204.8) (153.6 0.0 102.4) (153.6 102.4 102.4) (102.4 153.6 256.0) (102.4 51.2 153.6) (204.8 51.2 256.0) (51.2 0.0 256.0) (102.4 153.6 51.2)
     (0.0 0.0 153.6) (0.0 0.0 51.2) (153.6 102.4 153.6) (51.2 256.0 102.4) (256.0 0.0 256.0) (153.6 0.0 204.8) (102.4 256.0 102.4) (153.6 51.2 102.4) (102.4 153.6 256.0) (102.4 51.2 204.8)
     (204.8 51.2 102.4) (153.6 153.6 51.2) (102.4 204.8 102.4) (51.2 102.4 256.0) (204.8 51.2 204.8) (102.4 153.6 153.6) (51.2 102.4 204.8) (256.0 0.0 204.8) (102.4 153.6 256.0)
     (102.4 153.6 153.6) (102.4 51.2 204.8))
    ((204.8 102.4 0.0) (204.8 102.4 204.8) (153.6 0.0 0.0) (204.8 153.6 204.8) (0.0 0.0 102.4) (204.8 204.8 102.4) (0.0 256.0 256.0) (204.8 51.2 51.2) (51.2 153.6 153.6) (0.0 51.2 153.6)
     (0.0 102.4 0.0) (51.2 153.6 102.4) (0.0 51.2 102.4) (204.8 102.4 0.0) (0.0 204.8 204.8) (0.0 256.0 0.0) (51.2 204.8 51.2) (153.6 153.6 102.4) (102.4 153.6 51.2) (102.4 153.6 204.8)
     (51.2 102.4 51.2) (153.6 0.0 51.2) (51.2 153.6 204.8) (102.4 0.0 204.8) (51.2 51.2 51.2) (102.4 204.8 204.8) (51.2 204.8 102.4) (102.4 204.8 204.8) (51.2 204.8 204.8) (153.6 51.2 102.4)
     (256.0 51.2 153.6) (51.2 153.6 153.6) (0.0 51.2 153.6) (102.4 102.4 204.8) (153.6 51.2 0.0) (102.4 153.6 51.2) (256.0 51.2 0.0) (204.8 0.0 204.8) (153.6 102.4 204.8) (204.8 51.2 204.8)
     (102.4 102.4 153.6) (204.8 102.4 0.0) (256.0 204.8 102.4) (0.0 153.6 51.2) (204.8 204.8 153.6) (204.8 102.4 102.4) (153.6 0.0 204.8) (102.4 256.0 102.4) (102.4 51.2 51.2) (204.8 102.4 153.6))
    ((153.6 204.8 51.2) (0.0 256.0 204.8) (102.4 204.8 204.8) (153.6 153.6 0.0) (51.2 102.4 51.2) (51.2 102.4 204.8) (204.8 204.8 0.0) (102.4 153.6 153.6) (204.8 204.8 102.4) (204.8 153.6 102.4)
     (51.2 0.0 204.8) (204.8 102.4 102.4) (102.4 256.0 153.6) (256.0 256.0 153.6) (102.4 153.6 153.6) (0.0 0.0 102.4) (256.0 153.6 153.6) (102.4 204.8 51.2) (153.6 153.6 102.4) (204.8 204.8 51.2)
     (153.6 0.0 153.6) (51.2 204.8 153.6) (0.0 102.4 102.4) (102.4 102.4 256.0) (153.6 153.6 102.4) (51.2 204.8 102.4) (153.6 153.6 0.0) (51.2 102.4 153.6) (102.4 153.6 204.8) (153.6 102.4 256.0)
     (51.2 256.0 51.2) (51.2 153.6 51.2) (153.6 153.6 51.2) (51.2 204.8 51.2) (153.6 102.4 51.2) (153.6 204.8 204.8) (153.6 51.2 102.4) (153.6 51.2 153.6) (51.2 204.8 153.6) (51.2 204.8 51.2)
     (51.2 256.0 153.6) (102.4 51.2 204.8) (204.8 256.0 51.2) (153.6 256.0 0.0) (153.6 51.2 51.2) (102.4 204.8 153.6) (256.0 102.4 153.6) (102.4 256.0 153.6) (256.0 153.6 204.8) (153.6 102.4 0.0))
    ((102.4 153.6 51.2) (153.6 204.8 153.6) (102.4 102.4 51.2) (204.8 102.4 204.8) (153.6 153.6 204.8) (256.0 51.2 102.4) (256.0 0.0 153.6) (51.2 204.8 102.4) (204.8 102.4 102.4)
     (204.8 51.2 153.6) (204.8 256.0 102.4) (153.6 204.8 51.2) (204.8 256.0 51.2) (51.2 153.6 102.4) (153.6 0.0 153.6) (153.6 0.0 51.2) (51.2 256.0 51.2) (153.6 0.0 51.2) (204.8 102.4 204.8)
     (153.6 153.6 153.6) (51.2 153.6 153.6) (51.2 102.4 102.4) (204.8 256.0 102.4) (256.0 153.6 51.2) (51.2 102.4 51.2) (0.0 51.2 256.0) (102.4 51.2 102.4) (204.8 0.0 204.8) (204.8 0.0 204.8)
     (51.2 0.0 102.4) (51.2 153.6 204.8) (102.4 102.4 102.4) (204.8 102.4 153.6) (102.4 256.0 153.6) (0.0 204.8 153.6) (204.8 204.8 51.2) (51.2 51.2 51.2) (0.0 102.4 51.2) (153.6 256.0 51.2)
     (102.4 204.8 0.0) (204.8 204.8 153.6) (0.0 153.6 256.0) (153.6 0.0 153.6) (51.2 0.0 102.4) (153.6 204.8 51.2) (153.6 102.4 51.2) (51.2 51.2 0.0) (204.8 102.4 204.8) (204.8 204.8 102.4)
     (102.4 153.6 102.4))
    ((51.2 204.8 153.6) (204.8 0.0 204.8) (0.0 204.8 153.6) (204.8 102.4 153.6) (102.4 102.4 102.4) (204.8 256.0 153.6) (204.8 51.2 204.8) (204.8 51.2 102.4) (0.0 102.4 51.2) (153.6 102.4 51.2)
     (102.4 204.8 102.4) (0.0 102.4 51.2) (153.6 51.2 51.2) (204.8 102.4 204.8) (51.2 153.6 204.8) (256.0 0.0 51.2) (102.4 256.0 204.8) (153.6 102.4 102.4) (204.8 51.2 51.2) (102.4 51.2 256.0)
     (51.2 153.6 51.2) (102.4 153.6 204.8) (102.4 102.4 153.6) (102.4 256.0 153.6) (256.0 102.4 102.4) (51.2 204.8 153.6) (0.0 0.0 0.0) (153.6 256.0 0.0) (204.8 102.4 153.6) (153.6 102.4 153.6)
     (153.6 102.4 0.0) (204.8 51.2 102.4) (153.6 102.4 256.0) (102.4 0.0 153.6) (102.4 0.0 102.4) (153.6 204.8 153.6) (204.8 153.6 204.8) (153.6 102.4 153.6) (0.0 102.4 153.6) (102.4 51.2 153.6)
     (153.6 204.8 102.4) (0.0 153.6 204.8) (153.6 51.2 102.4) (102.4 51.2 51.2) (51.2 51.2 204.8) (153.6 153.6 153.6) (102.4 153.6 102.4) (153.6 256.0 102.4) (256.0 153.6 0.0) (204.8 51.2 256.0))
    ((0.0 204.8 204.8) (51.2 0.0 153.6) (204.8 204.8 153.6) (153.6 256.0 51.2) (0.0 0.0 0.0) (204.8 102.4 256.0) (102.4 0.0 204.8) (256.0 51.2 204.8) (102.4 256.0 204.8) (256.0 51.2 204.8)
     (102.4 153.6 153.6) (153.6 204.8 51.2) (102.4 102.4 102.4) (51.2 153.6 51.2) (0.0 0.0 51.2) (51.2 0.0 51.2) (153.6 256.0 204.8) (204.8 51.2 51.2) (204.8 51.2 204.8) (256.0 153.6 153.6)
     (0.0 204.8 51.2) (51.2 51.2 51.2) (153.6 51.2 204.8) (204.8 51.2 153.6) (51.2 256.0 153.6) (153.6 153.6 51.2) (51.2 51.2 204.8) (204.8 256.0 102.4) (256.0 153.6 102.4) (204.8 102.4 51.2)
     (102.4 51.2 102.4) (153.6 102.4 102.4) (153.6 102.4 204.8) (51.2 204.8 51.2) (102.4 153.6 153.6) (204.8 102.4 102.4) (102.4 51.2 256.0) (51.2 204.8 0.0) (51.2 153.6 204.8) (51.2 102.4 153.6)
     (0.0 153.6 153.6) (153.6 51.2 0.0) (51.2 0.0 204.8) (0.0 256.0 0.0) (153.6 256.0 204.8) (204.8 51.2 102.4) (102.4 102.4 51.2) (153.6 153.6 204.8) (153.6 256.0 204.8) (204.8 204.8 102.4))
    ((153.6 51.2 153.6) (204.8 153.6 153.6) (102.4 204.8 204.8) (204.8 0.0 256.0) (51.2 51.2 51.2) (51.2 256.0 256.0) (102.4 51.2 51.2) (204.8 102.4 153.6) (153.6 51.2 102.4) (256.0 51.2 153.6)
     (0.0 102.4 153.6) (51.2 204.8 256.0) (102.4 256.0 0.0) (51.2 102.4 0.0) (51.2 204.8 51.2) (153.6 102.4 0.0) (102.4 102.4 204.8) (51.2 204.8 102.4) (102.4 153.6 204.8) (0.0 102.4 51.2)
     (204.8 153.6 256.0) (102.4 0.0 153.6) (102.4 256.0 102.4) (204.8 153.6 102.4) (204.8 51.2 204.8) (102.4 204.8 0.0) (51.2 102.4 153.6) (153.6 204.8 153.6) (153.6 102.4 0.0) (256.0 153.6 102.4)
     (0.0 204.8 204.8) (153.6 102.4 153.6) (204.8 204.8 102.4) (0.0 51.2 102.4) (204.8 204.8 102.4) (102.4 204.8 102.4) (102.4 256.0 51.2) (102.4 153.6 204.8) (51.2 51.2 204.8) (51.2 204.8 153.6)
     (256.0 204.8 204.8) (51.2 0.0 102.4) (204.8 153.6 204.8) (51.2 204.8 153.6) (153.6 256.0 256.0) (256.0 204.8 0.0) (153.6 256.0 153.6) (204.8 102.4 51.2) (51.2 51.2 102.4) (204.8 102.4 102.4))
    ((0.0 153.6 0.0) (256.0 51.2 204.8) (51.2 256.0 51.2) (51.2 0.0 256.0) (102.4 102.4 204.8) (204.8 0.0 51.2) (204.8 51.2 153.6) (0.0 204.8 204.8) (256.0 153.6 204.8) (153.6 204.8 204.8)
     (204.8 153.6 0.0) (51.2 102.4 153.6) (102.4 153.6 51.2) (102.4 204.8 153.6) (51.2 153.6 102.4) (204.8 204.8 0.0) (153.6 102.4 51.2) (256.0 102.4 204.8) (153.6 102.4 0.0) (102.4 204.8 0.0)
     (51.2 204.8 204.8) (204.8 102.4 102.4) (256.0 153.6 102.4) (0.0 51.2 51.2) (256.0 51.2 204.8) (51.2 0.0 204.8) (153.6 204.8 0.0) (256.0 0.0 256.0) (102.4 256.0 51.2) (102.4 153.6 153.6)
     (102.4 51.2 51.2) (0.0 204.8 0.0) (51.2 102.4 153.6) (204.8 256.0 102.4) (153.6 102.4 102.4) (51.2 153.6 153.6) (204.8 51.2 102.4) (102.4 0.0 256.0) (153.6 153.6 153.6) (153.6 51.2 51.2)
     (51.2 51.2 102.4) (51.2 51.2 51.2) (256.0 256.0 204.8) (0.0 256.0 102.4) (51.2 256.0 204.8) (0.0 256.0 204.8) (102.4 256.0 204.8) (204.8 204.8 256.0) (51.2 204.8 153.6) (153.6 51.2 204.8))
    ((102.4 51.2 51.2) (51.2 51.2 102.4) (204.8 153.6 0.0) (51.2 102.4 51.2) (204.8 51.2 153.6) (204.8 153.6 256.0) (153.6 51.2 102.4) (102.4 153.6 102.4) (204.8 0.0 102.4) (51.2 0.0 153.6)
     (204.8 0.0 256.0) (153.6 153.6 51.2) (204.8 0.0 153.6) (102.4 256.0 204.8) (204.8 256.0 256.0) (153.6 102.4 256.0) (0.0 51.2 102.4) (153.6 51.2 0.0) (256.0 102.4 51.2) (0.0 102.4 51.2)
     (102.4 204.8 102.4) (204.8 102.4 102.4) (102.4 51.2 204.8) (0.0 256.0 51.2) (153.6 0.0 51.2) (204.8 102.4 51.2) (102.4 102.4 153.6) (204.8 204.8 204.8) (256.0 153.6 153.6) (0.0 204.8 51.2)
     (0.0 51.2 51.2) (102.4 153.6 153.6) (102.4 204.8 204.8) (102.4 51.2 51.2) (204.8 204.8 51.2) (102.4 51.2 153.6) (51.2 204.8 153.6) (153.6 102.4 102.4) (256.0 51.2 51.2) (102.4 204.8 51.2)
     (204.8 204.8 153.6) (153.6 102.4 204.8) (204.8 204.8 51.2) (153.6 204.8 153.6) (153.6 256.0 153.6) (51.2 153.6 51.2) (102.4 153.6 102.4) (0.0 51.2 102.4) (204.8 153.6 256.0) (0.0 153.6 0.0))
    ((204.8 51.2 256.0) (204.8 102.4 102.4) (0.0 51.2 102.4) (102.4 153.6 51.2) (102.4 204.8 0.0) (102.4 153.6 102.4) (0.0 51.2 204.8) (256.0 204.8 0.0) (204.8 0.0 102.4) (204.8 153.6 153.6)
     (153.6 256.0 51.2) (153.6 153.6 256.0) (0.0 153.6 102.4) (204.8 0.0 51.2) (0.0 153.6 51.2) (153.6 51.2 102.4) (102.4 0.0 102.4) (204.8 51.2 153.6) (153.6 204.8 204.8) (204.8 102.4 204.8)
     (0.0 204.8 256.0) (204.8 51.2 51.2) (204.8 102.4 204.8) (256.0 102.4 102.4) (153.6 256.0 0.0) (256.0 102.4 102.4) (0.0 204.8 204.8) (51.2 204.8 51.2) (204.8 204.8 204.8) (0.0 51.2 102.4)
     (51.2 256.0 153.6) (256.0 153.6 0.0) (256.0 204.8 102.4) (256.0 256.0 102.4) (51.2 204.8 0.0) (0.0 51.2 0.0) (256.0 51.2 153.6) (51.2 51.2 204.8) (51.2 0.0 204.8) (256.0 204.8 51.2)
     (0.0 204.8 153.6) (102.4 204.8 0.0) (102.4 0.0 204.8) (153.6 153.6 51.2) (256.0 153.6 153.6) (51.2 204.8 51.2) (204.8 256.0 102.4) (153.6 51.2 256.0) (153.6 256.0 153.6) (102.4 51.2 102.4))
    ((204.8 0.0 153.6) (102.4 153.6 102.4) (102.4 153.6 153.6) (51.2 51.2 153.6) (204.8 102.4 256.0) (102.4 256.0 153.6) (0.0 102.4 256.0) (102.4 51.2 204.8) (204.8 153.6 51.2) (153.6 102.4 51.2)
     (153.6 102.4 102.4) (51.2 204.8 51.2) (102.4 204.8 204.8) (51.2 0.0 102.4) (153.6 102.4 0.0) (204.8 153.6 51.2) (0.0 204.8 204.8) (51.2 51.2 204.8) (204.8 153.6 0.0) (153.6 153.6 51.2)
     (204.8 102.4 51.2) (204.8 102.4 256.0) (204.8 51.2 102.4) (153.6 51.2 51.2) (256.0 51.2 153.6) (153.6 204.8 204.8) (256.0 102.4 153.6) (0.0 204.8 153.6) (51.2 102.4 0.0) (0.0 102.4 102.4)
     (51.2 204.8 153.6) (102.4 153.6 204.8) (153.6 204.8 204.8) (153.6 256.0 51.2) (102.4 51.2 153.6) (51.2 51.2 256.0) (153.6 204.8 153.6) (256.0 256.0 204.8) (204.8 204.8 0.0) (0.0 102.4 204.8)
     (102.4 153.6 102.4) (256.0 51.2 102.4) (102.4 102.4 51.2) (153.6 204.8 256.0) (153.6 256.0 256.0) (256.0 153.6 102.4) (51.2 256.0 204.8) (153.6 256.0 204.8) (256.0 204.8 51.2)
     (0.0 153.6 0.0))
    ((102.4 153.6 204.8) (204.8 153.6 102.4) (153.6 204.8 102.4) (0.0 204.8 51.2) (256.0 102.4 204.8) (0.0 153.6 153.6) (102.4 102.4 153.6) (256.0 153.6 0.0) (102.4 102.4 51.2) (204.8 51.2 204.8)
     (256.0 153.6 153.6) (204.8 204.8 204.8) (153.6 204.8 51.2) (153.6 153.6 51.2) (204.8 153.6 102.4) (102.4 51.2 153.6) (102.4 204.8 51.2) (0.0 51.2 0.0) (204.8 102.4 204.8) (102.4 153.6 0.0)
     (0.0 153.6 153.6) (0.0 256.0 0.0) (204.8 256.0 102.4) (153.6 204.8 102.4) (153.6 153.6 204.8) (153.6 204.8 153.6) (204.8 153.6 204.8) (102.4 153.6 256.0) (153.6 102.4 51.2) (102.4 0.0 153.6)
     (51.2 51.2 0.0) (153.6 102.4 204.8) (153.6 51.2 153.6) (256.0 51.2 153.6) (51.2 102.4 51.2) (204.8 256.0 51.2) (102.4 256.0 204.8) (102.4 102.4 204.8) (256.0 102.4 102.4) (153.6 153.6 204.8)
     (51.2 204.8 204.8) (153.6 204.8 204.8) (153.6 51.2 51.2) (256.0 51.2 153.6) (102.4 51.2 256.0) (102.4 204.8 256.0) (153.6 51.2 0.0) (204.8 102.4 102.4) (51.2 102.4 102.4) (51.2 102.4 51.2))
    ((51.2 102.4 0.0) (204.8 204.8 256.0) (256.0 0.0 153.6) (0.0 204.8 51.2) (102.4 102.4 153.6) (153.6 0.0 204.8) (153.6 102.4 204.8) (256.0 51.2 204.8) (0.0 256.0 102.4) (204.8 0.0 0.0)
     (51.2 102.4 153.6) (256.0 51.2 51.2) (51.2 256.0 256.0) (204.8 153.6 0.0) (0.0 204.8 102.4) (204.8 102.4 204.8) (153.6 153.6 256.0) (51.2 51.2 102.4) (153.6 153.6 51.2) (153.6 51.2 204.8)
     (204.8 51.2 256.0) (204.8 153.6 102.4) (153.6 51.2 204.8) (51.2 204.8 51.2) (0.0 204.8 51.2) (204.8 0.0 153.6) (256.0 102.4 204.8) (256.0 51.2 102.4) (0.0 0.0 204.8) (102.4 153.6 51.2)
     (102.4 153.6 204.8) (204.8 204.8 204.8) (204.8 153.6 51.2) (204.8 204.8 102.4) (102.4 153.6 153.6) (153.6 51.2 204.8) (102.4 153.6 102.4) (0.0 51.2 51.2) (204.8 204.8 0.0) (51.2 204.8 256.0)
     (153.6 204.8 102.4) (153.6 256.0 204.8) (51.2 51.2 204.8) (153.6 153.6 0.0) (204.8 0.0 153.6) (51.2 0.0 256.0) (51.2 204.8 102.4) (51.2 102.4 51.2) (256.0 153.6 204.8) (102.4 153.6 51.2))
    ((51.2 51.2 256.0) (0.0 153.6 153.6) (256.0 153.6 102.4) (204.8 102.4 102.4) (0.0 51.2 102.4) (204.8 51.2 153.6) (102.4 204.8 204.8) (204.8 204.8 204.8) (102.4 51.2 102.4) (204.8 204.8 102.4)
     (153.6 153.6 256.0) (153.6 51.2 0.0) (153.6 204.8 153.6) (102.4 153.6 51.2) (153.6 204.8 153.6) (256.0 256.0 204.8) (204.8 204.8 51.2) (153.6 204.8 153.6) (102.4 102.4 153.6) (0.0 51.2 51.2)
     (51.2 102.4 204.8) (51.2 153.6 102.4) (204.8 102.4 204.8) (51.2 256.0 102.4) (153.6 102.4 0.0) (153.6 102.4 102.4) (102.4 0.0 153.6) (153.6 51.2 51.2) (204.8 204.8 51.2) (153.6 51.2 102.4)
     (204.8 102.4 153.6) (51.2 153.6 51.2) (51.2 0.0 204.8) (102.4 51.2 204.8) (153.6 0.0 51.2) (204.8 204.8 102.4) (153.6 102.4 256.0) (51.2 256.0 153.6) (204.8 204.8 256.0) (153.6 0.0 153.6)
     (102.4 51.2 153.6) (0.0 153.6 51.2) (256.0 153.6 0.0) (51.2 51.2 204.8) (153.6 204.8 51.2) (51.2 204.8 51.2) (102.4 51.2 51.2) (204.8 0.0 204.8) (102.4 51.2 256.0) (0.0 102.4 0.0))
    ((153.6 102.4 153.6) (204.8 204.8 153.6) (51.2 204.8 51.2) (102.4 0.0 153.6) (256.0 153.6 204.8) (153.6 204.8 204.8) (0.0 51.2 102.4) (204.8 102.4 0.0) (153.6 51.2 51.2) (102.4 51.2 153.6)
     (204.8 204.8 102.4) (153.6 51.2 51.2) (153.6 153.6 51.2) (51.2 204.8 51.2) (204.8 153.6 256.0) (51.2 102.4 51.2) (0.0 0.0 102.4) (51.2 102.4 204.8) (153.6 102.4 153.6) (256.0 204.8 102.4)
     (204.8 0.0 0.0) (256.0 51.2 204.8) (102.4 102.4 51.2) (0.0 204.8 51.2) (256.0 256.0 51.2) (204.8 102.4 102.4) (51.2 153.6 51.2) (102.4 153.6 102.4) (256.0 0.0 256.0) (102.4 153.6 102.4)
     (102.4 153.6 153.6) (153.6 204.8 0.0) (51.2 0.0 0.0) (204.8 204.8 204.8) (51.2 153.6 204.8) (0.0 51.2 51.2) (102.4 51.2 204.8) (51.2 153.6 0.0) (0.0 102.4 204.8) (204.8 204.8 102.4)
     (51.2 0.0 256.0) (204.8 51.2 153.6) (102.4 204.8 256.0) (102.4 204.8 256.0) (204.8 204.8 51.2) (153.6 102.4 51.2) (51.2 204.8 153.6) (153.6 256.0 102.4) (102.4 153.6 102.4)
     (204.8 51.2 153.6))
    ((153.6 0.0 153.6) (51.2 51.2 51.2) (51.2 204.8 204.8) (102.4 153.6 51.2) (102.4 256.0 51.2) (256.0 204.8 204.8) (256.0 51.2 204.8) (153.6 204.8 102.4) (153.6 153.6 51.2) (204.8 0.0 204.8)
     (102.4 256.0 51.2) (256.0 51.2 102.4) (256.0 51.2 51.2) (204.8 102.4 204.8) (102.4 204.8 102.4) (153.6 256.0 204.8) (153.6 256.0 153.6) (0.0 0.0 256.0) (102.4 0.0 0.0) (204.8 51.2 0.0)
     (51.2 102.4 256.0) (204.8 256.0 204.8) (204.8 51.2 204.8) (51.2 51.2 51.2) (204.8 153.6 153.6) (153.6 204.8 51.2) (51.2 153.6 256.0) (102.4 102.4 204.8) (102.4 102.4 102.4) (256.0 51.2 153.6)
     (153.6 153.6 51.2) (0.0 102.4 102.4) (102.4 153.6 153.6) (153.6 102.4 102.4) (51.2 153.6 51.2) (0.0 51.2 51.2) (153.6 153.6 102.4) (204.8 51.2 51.2) (51.2 51.2 204.8) (51.2 0.0 51.2)
     (256.0 153.6 153.6) (51.2 153.6 153.6) (153.6 0.0 256.0) (256.0 0.0 102.4) (153.6 256.0 204.8) (204.8 0.0 256.0) (51.2 204.8 51.2) (204.8 204.8 204.8) (102.4 51.2 51.2) (256.0 102.4 51.2))
    ((204.8 102.4 153.6) (204.8 0.0 153.6) (256.0 102.4 102.4) (51.2 51.2 204.8) (51.2 256.0 102.4) (204.8 51.2 204.8) (153.6 153.6 51.2) (102.4 256.0 51.2) (0.0 204.8 256.0) (153.6 153.6 256.0)
     (102.4 102.4 204.8) (102.4 102.4 0.0) (102.4 256.0 0.0) (153.6 204.8 102.4) (0.0 153.6 256.0) (0.0 0.0 51.2) (256.0 51.2 51.2) (102.4 153.6 153.6) (102.4 51.2 102.4) (51.2 51.2 204.8)
     (153.6 204.8 256.0) (51.2 256.0 102.4) (102.4 204.8 0.0) (204.8 51.2 0.0) (102.4 51.2 102.4) (204.8 0.0 153.6) (0.0 102.4 51.2) (153.6 0.0 153.6) (51.2 204.8 153.6) (51.2 51.2 0.0)
     (102.4 153.6 51.2) (102.4 256.0 0.0) (102.4 51.2 102.4) (102.4 256.0 102.4) (256.0 102.4 102.4) (51.2 51.2 102.4) (102.4 153.6 153.6) (102.4 102.4 204.8) (204.8 256.0 153.6) (51.2 51.2 204.8)
     (102.4 256.0 204.8) (102.4 51.2 102.4) (153.6 102.4 0.0) (102.4 256.0 204.8) (51.2 256.0 204.8) (51.2 256.0 204.8) (102.4 51.2 51.2) (204.8 256.0 51.2) (153.6 204.8 153.6)
     (102.4 102.4 256.0))
    ((204.8 204.8 153.6) (51.2 102.4 51.2) (102.4 102.4 153.6) (102.4 153.6 256.0) (204.8 153.6 204.8) (51.2 102.4 51.2) (102.4 51.2 0.0) (102.4 51.2 204.8) (51.2 153.6 256.0) (102.4 102.4 153.6)
     (51.2 204.8 102.4) (0.0 204.8 153.6) (204.8 256.0 153.6) (256.0 204.8 204.8) (153.6 256.0 51.2) (0.0 153.6 204.8) (204.8 204.8 153.6) (256.0 204.8 0.0) (204.8 204.8 51.2) (102.4 256.0 0.0)
     (0.0 256.0 153.6) (0.0 51.2 102.4) (51.2 256.0 204.8) (204.8 204.8 153.6) (51.2 51.2 153.6) (102.4 153.6 102.4) (0.0 256.0 102.4) (204.8 153.6 0.0) (153.6 204.8 256.0) (102.4 153.6 0.0)
     (153.6 0.0 51.2) (204.8 204.8 51.2) (204.8 256.0 204.8) (0.0 256.0 102.4) (51.2 256.0 256.0) (102.4 51.2 153.6) (102.4 256.0 204.8) (102.4 0.0 51.2) (153.6 0.0 153.6) (204.8 153.6 153.6)
     (204.8 51.2 102.4) (0.0 256.0 153.6) (204.8 153.6 51.2) (51.2 51.2 51.2) (51.2 102.4 153.6) (51.2 204.8 153.6) (153.6 51.2 0.0) (204.8 153.6 102.4) (51.2 153.6 0.0) (51.2 153.6 51.2))
    ((204.8 51.2 256.0) (153.6 102.4 102.4) (51.2 204.8 256.0) (256.0 204.8 204.8) (0.0 51.2 0.0) (204.8 204.8 102.4) (51.2 51.2 102.4) (51.2 256.0 51.2) (256.0 153.6 256.0) (51.2 0.0 51.2)
     (51.2 51.2 102.4) (256.0 102.4 51.2) (153.6 51.2 204.8) (51.2 0.0 256.0) (51.2 153.6 51.2) (256.0 256.0 153.6) (153.6 153.6 0.0) (153.6 102.4 102.4) (153.6 51.2 0.0) (0.0 204.8 153.6)
     (0.0 256.0 256.0) (102.4 153.6 256.0) (102.4 204.8 204.8) (102.4 256.0 51.2) (51.2 102.4 256.0) (204.8 0.0 153.6) (204.8 204.8 102.4) (153.6 153.6 51.2) (102.4 256.0 256.0) (51.2 153.6 153.6)
     (102.4 102.4 51.2) (51.2 204.8 153.6) (51.2 204.8 51.2) (51.2 153.6 0.0) (153.6 0.0 102.4) (153.6 204.8 51.2) (204.8 256.0 51.2) (204.8 102.4 51.2) (0.0 0.0 102.4) (51.2 51.2 204.8)
     (153.6 204.8 102.4) (0.0 51.2 102.4) (51.2 256.0 102.4) (0.0 51.2 153.6) (102.4 51.2 204.8) (153.6 51.2 102.4) (153.6 102.4 0.0) (153.6 51.2 0.0) (51.2 204.8 204.8) (102.4 102.4 102.4))
    ((102.4 204.8 102.4) (102.4 204.8 204.8) (256.0 51.2 51.2) (51.2 102.4 153.6) (51.2 204.8 204.8) (204.8 51.2 256.0) (256.0 153.6 51.2) (153.6 102.4 51.2) (51.2 51.2 51.2) (204.8 0.0 153.6)
     (153.6 0.0 102.4) (204.8 0.0 102.4) (204.8 102.4 51.2) (153.6 102.4 256.0) (102.4 204.8 51.2) (204.8 102.4 204.8) (51.2 153.6 102.4) (153.6 153.6 102.4) (256.0 102.4 256.0) (0.0 204.8 256.0)
     (153.6 204.8 204.8) (102.4 51.2 204.8) (153.6 102.4 204.8) (51.2 102.4 102.4) (102.4 204.8 102.4) (51.2 102.4 153.6) (204.8 102.4 204.8) (153.6 204.8 153.6) (102.4 51.2 51.2)
     (153.6 204.8 204.8) (102.4 153.6 102.4) (51.2 102.4 0.0) (204.8 256.0 102.4) (0.0 153.6 153.6) (51.2 153.6 153.6) (153.6 102.4 51.2) (51.2 204.8 153.6) (204.8 204.8 204.8) (51.2 51.2 256.0)
     (204.8 51.2 256.0) (0.0 0.0 153.6) (256.0 102.4 204.8) (153.6 153.6 51.2) (102.4 153.6 51.2) (256.0 204.8 102.4) (102.4 256.0 102.4) (153.6 256.0 204.8) (153.6 102.4 51.2) (204.8 51.2 153.6)
     (204.8 256.0 0.0))
    ((0.0 51.2 204.8) (256.0 204.8 153.6) (204.8 256.0 256.0) (102.4 204.8 153.6) (0.0 153.6 0.0) (102.4 204.8 51.2) (51.2 102.4 51.2) (153.6 51.2 102.4) (153.6 0.0 153.6) (102.4 153.6 102.4)
     (204.8 51.2 204.8) (204.8 204.8 0.0) (153.6 153.6 153.6) (51.2 51.2 153.6) (102.4 102.4 102.4) (102.4 256.0 153.6) (51.2 204.8 204.8) (102.4 51.2 204.8) (0.0 204.8 51.2) (204.8 204.8 153.6)
     (0.0 51.2 153.6) (153.6 102.4 0.0) (51.2 51.2 256.0) (102.4 102.4 204.8) (0.0 153.6 204.8) (51.2 204.8 153.6) (51.2 102.4 102.4) (204.8 256.0 102.4) (204.8 153.6 153.6) (204.8 256.0 102.4)
     (102.4 0.0 0.0) (256.0 204.8 204.8) (51.2 51.2 102.4) (153.6 256.0 153.6) (0.0 153.6 0.0) (256.0 102.4 102.4) (256.0 102.4 153.6) (153.6 204.8 0.0) (102.4 153.6 102.4) (102.4 256.0 204.8)
     (51.2 51.2 102.4) (102.4 204.8 51.2) (204.8 153.6 102.4) (204.8 153.6 0.0) (102.4 51.2 153.6) (51.2 204.8 204.8) (102.4 256.0 51.2) (153.6 0.0 204.8) (51.2 51.2 204.8) (51.2 204.8 256.0))
    ((204.8 256.0 204.8) (51.2 256.0 102.4) (204.8 0.0 102.4) (102.4 153.6 102.4) (102.4 153.6 153.6) (102.4 51.2 256.0) (51.2 51.2 102.4) (51.2 51.2 102.4) (153.6 153.6 204.8) (256.0 102.4 51.2)
     (204.8 102.4 51.2) (51.2 0.0 153.6) (153.6 256.0 51.2) (51.2 204.8 204.8) (204.8 0.0 51.2) (153.6 0.0 102.4) (51.2 153.6 0.0) (51.2 0.0 102.4) (153.6 51.2 204.8) (51.2 204.8 51.2)
     (102.4 0.0 102.4) (51.2 256.0 204.8) (153.6 204.8 0.0) (102.4 204.8 204.8) (204.8 0.0 102.4) (256.0 153.6 102.4) (153.6 51.2 153.6) (51.2 102.4 51.2) (51.2 102.4 204.8) (256.0 256.0 51.2)
     (51.2 51.2 204.8) (102.4 153.6 256.0) (102.4 51.2 204.8) (204.8 102.4 0.0) (102.4 153.6 51.2) (0.0 204.8 153.6) (204.8 153.6 102.4) (153.6 204.8 256.0) (153.6 204.8 256.0) (256.0 256.0 102.4)
     (204.8 256.0 51.2) (204.8 51.2 204.8) (51.2 51.2 102.4) (153.6 256.0 102.4) (204.8 102.4 153.6) (51.2 102.4 102.4) (204.8 102.4 204.8) (51.2 204.8 204.8) (0.0 204.8 204.8) (204.8 51.2 204.8))
    ((51.2 153.6 0.0) (51.2 51.2 51.2) (102.4 204.8 153.6) (204.8 153.6 0.0) (51.2 256.0 102.4) (204.8 102.4 153.6) (0.0 51.2 51.2) (51.2 204.8 256.0) (102.4 256.0 256.0) (256.0 153.6 51.2)
     (102.4 102.4 204.8) (153.6 102.4 153.6) (153.6 102.4 256.0) (204.8 256.0 204.8) (153.6 51.2 204.8) (153.6 102.4 204.8) (102.4 153.6 204.8) (153.6 204.8 153.6) (204.8 153.6 153.6)
     (51.2 0.0 0.0) (256.0 51.2 153.6) (51.2 256.0 102.4) (204.8 51.2 51.2) (256.0 204.8 256.0) (153.6 153.6 153.6) (204.8 256.0 153.6) (204.8 153.6 102.4) (102.4 102.4 256.0) (51.2 51.2 0.0)
     (204.8 51.2 204.8) (102.4 102.4 102.4) (204.8 51.2 204.8) (256.0 204.8 256.0) (0.0 204.8 204.8) (204.8 51.2 204.8) (0.0 0.0 153.6) (102.4 153.6 153.6) (256.0 51.2 51.2) (153.6 204.8 0.0)
     (102.4 256.0 102.4) (256.0 153.6 256.0) (51.2 51.2 102.4) (153.6 51.2 204.8) (204.8 51.2 256.0) (51.2 204.8 102.4) (204.8 153.6 256.0) (51.2 153.6 0.0) (51.2 153.6 204.8) (51.2 153.6 153.6)
     (102.4 51.2 51.2))
    ((102.4 204.8 51.2) (0.0 102.4 256.0) (204.8 51.2 102.4) (51.2 102.4 204.8) (153.6 153.6 102.4) (153.6 204.8 204.8) (102.4 204.8 204.8) (51.2 204.8 204.8) (102.4 256.0 153.6)
     (51.2 204.8 153.6) (204.8 51.2 153.6) (204.8 204.8 204.8) (102.4 102.4 0.0) (0.0 153.6 256.0) (153.6 0.0 51.2) (256.0 51.2 204.8) (153.6 256.0 204.8) (204.8 102.4 204.8) (153.6 51.2 153.6)
     (204.8 204.8 153.6) (153.6 153.6 153.6) (153.6 256.0 256.0) (153.6 204.8 51.2) (0.0 51.2 153.6) (102.4 204.8 204.8) (102.4 0.0 0.0) (102.4 102.4 51.2) (256.0 51.2 153.6) (102.4 204.8 102.4)
     (102.4 51.2 102.4) (204.8 153.6 204.8) (51.2 204.8 153.6) (0.0 153.6 204.8) (51.2 204.8 153.6) (51.2 102.4 153.6) (256.0 0.0 204.8) (0.0 153.6 51.2) (51.2 102.4 256.0) (102.4 204.8 204.8)
     (51.2 0.0 204.8) (204.8 102.4 256.0) (204.8 102.4 204.8) (153.6 51.2 153.6) (153.6 102.4 51.2) (102.4 102.4 102.4) (0.0 153.6 256.0) (153.6 204.8 204.8) (204.8 51.2 153.6) (153.6 51.2 204.8)
     (256.0 204.8 0.0))
    ((153.6 51.2 153.6) (256.0 102.4 204.8) (0.0 0.0 51.2) (153.6 51.2 204.8) (102.4 0.0 204.8) (256.0 204.8 256.0) (102.4 204.8 204.8) (204.8 256.0 0.0) (51.2 0.0 102.4) (102.4 0.0 102.4)
     (0.0 204.8 256.0) (204.8 51.2 102.4) (51.2 153.6 0.0) (0.0 153.6 204.8) (204.8 153.6 204.8) (102.4 51.2 256.0) (256.0 153.6 153.6) (153.6 102.4 153.6) (153.6 102.4 256.0) (256.0 102.4 153.6)
     (0.0 51.2 51.2) (153.6 204.8 204.8) (51.2 51.2 204.8) (204.8 102.4 204.8) (102.4 256.0 0.0) (204.8 204.8 51.2) (153.6 0.0 102.4) (102.4 51.2 153.6) (102.4 204.8 51.2) (102.4 102.4 102.4)
     (51.2 102.4 204.8) (51.2 51.2 51.2) (0.0 256.0 51.2) (153.6 204.8 51.2) (204.8 256.0 153.6) (102.4 102.4 102.4) (256.0 102.4 51.2) (153.6 0.0 153.6) (153.6 153.6 153.6) (204.8 153.6 51.2)
     (102.4 0.0 256.0) (153.6 51.2 51.2) (204.8 102.4 153.6) (102.4 102.4 204.8) (51.2 51.2 102.4) (102.4 204.8 204.8) (153.6 102.4 204.8) (102.4 204.8 204.8) (153.6 102.4 204.8) (51.2 51.2 0.0))
    ((102.4 0.0 0.0) (51.2 102.4 204.8) (51.2 256.0 0.0) (256.0 102.4 0.0) (0.0 153.6 0.0) (256.0 51.2 204.8) (204.8 256.0 102.4) (153.6 153.6 51.2) (51.2 51.2 102.4) (51.2 256.0 0.0)
     (51.2 51.2 153.6) (51.2 204.8 153.6) (0.0 51.2 204.8) (51.2 0.0 51.2) (0.0 256.0 0.0) (256.0 102.4 256.0) (102.4 102.4 153.6) (102.4 51.2 153.6) (153.6 51.2 204.8) (256.0 204.8 204.8)
     (102.4 0.0 102.4) (204.8 204.8 51.2) (0.0 51.2 102.4) (51.2 51.2 256.0) (51.2 204.8 204.8) (102.4 51.2 51.2) (153.6 102.4 51.2) (204.8 204.8 102.4) (256.0 204.8 204.8) (204.8 0.0 51.2)
     (204.8 153.6 153.6) (102.4 204.8 0.0) (51.2 51.2 0.0) (51.2 51.2 102.4) (153.6 102.4 102.4) (51.2 51.2 51.2) (0.0 204.8 204.8) (204.8 0.0 204.8) (153.6 153.6 0.0) (51.2 102.4 204.8)
     (51.2 0.0 153.6) (102.4 204.8 204.8) (204.8 51.2 102.4) (0.0 102.4 51.2) (51.2 0.0 153.6) (102.4 102.4 204.8) (204.8 102.4 0.0) (256.0 204.8 0.0) (51.2 204.8 102.4) (51.2 102.4 204.8))
    ((102.4 153.6 256.0) (153.6 204.8 51.2) (153.6 204.8 102.4) (204.8 51.2 102.4) (51.2 204.8 153.6) (0.0 51.2 153.6) (102.4 102.4 256.0) (51.2 0.0 102.4) (102.4 153.6 256.0) (204.8 0.0 102.4)
     (102.4 204.8 51.2) (204.8 153.6 153.6) (102.4 256.0 102.4) (256.0 153.6 204.8) (204.8 102.4 153.6) (256.0 102.4 204.8) (51.2 204.8 51.2) (153.6 102.4 51.2) (256.0 204.8 153.6)
     (0.0 102.4 204.8) (256.0 51.2 102.4) (153.6 102.4 102.4) (51.2 256.0 102.4) (204.8 0.0 102.4) (256.0 51.2 51.2) (51.2 153.6 51.2) (51.2 102.4 102.4) (0.0 102.4 102.4) (0.0 256.0 51.2)
     (204.8 256.0 51.2) (153.6 153.6 102.4) (153.6 256.0 102.4) (51.2 102.4 0.0) (153.6 204.8 153.6) (102.4 0.0 153.6) (51.2 153.6 0.0) (102.4 204.8 102.4) (204.8 204.8 153.6) (204.8 0.0 204.8)
     (102.4 51.2 0.0) (51.2 256.0 102.4) (256.0 51.2 256.0) (153.6 51.2 256.0) (51.2 0.0 153.6) (204.8 204.8 51.2) (256.0 51.2 102.4) (204.8 51.2 153.6) (102.4 256.0 256.0) (102.4 153.6 0.0)
     (153.6 153.6 204.8))
    ((153.6 204.8 204.8) (102.4 51.2 102.4) (102.4 102.4 204.8) (0.0 51.2 51.2) (102.4 51.2 153.6) (102.4 204.8 204.8) (153.6 102.4 51.2) (102.4 204.8 256.0) (102.4 256.0 102.4) (204.8 153.6 0.0)
     (204.8 204.8 204.8) (153.6 153.6 102.4) (102.4 102.4 51.2) (153.6 102.4 204.8) (204.8 51.2 256.0) (0.0 102.4 51.2) (153.6 0.0 153.6) (256.0 51.2 51.2) (204.8 153.6 204.8) (204.8 204.8 51.2)
     (51.2 102.4 204.8) (204.8 102.4 153.6) (204.8 0.0 204.8) (153.6 102.4 51.2) (153.6 204.8 204.8) (102.4 102.4 204.8) (153.6 51.2 204.8) (256.0 204.8 153.6) (51.2 102.4 204.8)
     (102.4 51.2 102.4) (153.6 102.4 102.4) (153.6 0.0 153.6) (51.2 153.6 204.8) (256.0 102.4 153.6) (153.6 204.8 102.4) (102.4 0.0 204.8) (204.8 51.2 256.0) (102.4 51.2 153.6) (153.6 204.8 204.8)
     (204.8 204.8 153.6) (153.6 256.0 204.8) (204.8 102.4 51.2) (51.2 204.8 51.2) (102.4 256.0 102.4) (51.2 204.8 51.2) (102.4 102.4 51.2) (102.4 102.4 204.8) (153.6 153.6 204.8)
     (204.8 102.4 51.2) (102.4 256.0 51.2))
    ((51.2 102.4 102.4) (204.8 102.4 51.2) (102.4 102.4 102.4) (102.4 0.0 204.8) (102.4 102.4 0.0) (153.6 51.2 51.2) (204.8 102.4 102.4) (0.0 204.8 153.6) (153.6 204.8 153.6) (204.8 102.4 204.8)
     (204.8 51.2 102.4) (204.8 204.8 153.6) (102.4 204.8 153.6) (153.6 51.2 153.6) (153.6 204.8 102.4) (204.8 153.6 204.8) (0.0 153.6 204.8) (204.8 102.4 256.0) (204.8 204.8 256.0)
     (204.8 102.4 102.4) (102.4 102.4 51.2) (204.8 256.0 0.0) (51.2 102.4 51.2) (51.2 204.8 51.2) (51.2 51.2 204.8) (102.4 256.0 51.2) (102.4 204.8 51.2) (153.6 204.8 256.0) (204.8 102.4 51.2)
     (102.4 256.0 102.4) (51.2 102.4 102.4) (204.8 204.8 256.0) (204.8 51.2 256.0) (51.2 0.0 153.6) (204.8 153.6 204.8) (51.2 204.8 204.8) (204.8 153.6 204.8) (102.4 51.2 204.8) (51.2 153.6 102.4)
     (153.6 256.0 51.2) (51.2 102.4 204.8) (0.0 51.2 102.4) (153.6 102.4 51.2) (204.8 0.0 256.0) (204.8 0.0 51.2) (51.2 256.0 102.4) (256.0 0.0 204.8) (102.4 51.2 256.0) (102.4 256.0 0.0)
     (102.4 51.2 153.6))
    ((256.0 153.6 102.4) (204.8 153.6 153.6) (0.0 0.0 256.0) (102.4 0.0 102.4) (51.2 51.2 102.4) (204.8 102.4 256.0) (256.0 204.8 153.6) (51.2 102.4 256.0) (256.0 153.6 51.2) (0.0 0.0 51.2)
     (51.2 51.2 153.6) (153.6 256.0 204.8) (204.8 204.8 102.4) (204.8 204.8 102.4) (256.0 0.0 204.8) (51.2 102.4 153.6) (153.6 51.2 256.0) (102.4 256.0 51.2) (0.0 153.6 51.2) (153.6 51.2 102.4)
     (204.8 153.6 102.4) (102.4 153.6 256.0) (102.4 51.2 204.8) (0.0 204.8 153.6) (0.0 204.8 0.0) (51.2 204.8 153.6) (102.4 51.2 51.2) (153.6 102.4 102.4) (51.2 102.4 204.8) (51.2 204.8 102.4)
     (0.0 102.4 256.0) (153.6 0.0 51.2) (0.0 51.2 0.0) (102.4 51.2 102.4) (204.8 102.4 204.8) (204.8 102.4 204.8) (204.8 153.6 204.8) (0.0 51.2 256.0) (204.8 0.0 153.6) (204.8 102.4 153.6)
     (51.2 153.6 0.0) (102.4 204.8 153.6) (204.8 153.6 102.4) (102.4 153.6 102.4) (204.8 51.2 153.6) (51.2 153.6 153.6) (51.2 51.2 204.8) (51.2 51.2 204.8) (153.6 102.4 51.2) (0.0 153.6 256.0))
    ((51.2 256.0 204.8) (204.8 51.2 102.4) (102.4 256.0 0.0) (153.6 51.2 102.4) (51.2 102.4 102.4) (51.2 102.4 153.6) (51.2 204.8 0.0) (51.2 153.6 153.6) (102.4 102.4 153.6) (204.8 102.4 102.4)
     (0.0 0.0 153.6) (51.2 102.4 153.6) (204.8 102.4 102.4) (153.6 102.4 256.0) (153.6 256.0 102.4) (153.6 204.8 256.0) (153.6 256.0 204.8) (153.6 51.2 102.4) (153.6 204.8 51.2) (51.2 51.2 102.4)
     (256.0 102.4 51.2) (51.2 102.4 204.8) (51.2 102.4 204.8) (256.0 153.6 102.4) (51.2 102.4 51.2) (256.0 51.2 51.2) (51.2 153.6 256.0) (51.2 153.6 153.6) (256.0 51.2 102.4) (102.4 204.8 153.6)
     (204.8 0.0 0.0) (0.0 51.2 51.2) (256.0 204.8 0.0) (153.6 204.8 102.4) (102.4 204.8 153.6) (153.6 51.2 51.2) (153.6 153.6 153.6) (256.0 51.2 256.0) (204.8 204.8 51.2) (204.8 153.6 51.2)
     (51.2 102.4 51.2) (51.2 51.2 102.4) (102.4 256.0 51.2) (153.6 0.0 51.2) (102.4 102.4 0.0) (204.8 204.8 102.4) (102.4 204.8 51.2) (102.4 51.2 153.6) (153.6 51.2 256.0) (51.2 102.4 51.2))
    ((204.8 102.4 204.8) (51.2 256.0 153.6) (153.6 153.6 256.0) (256.0 51.2 256.0) (204.8 153.6 153.6) (153.6 51.2 204.8) (204.8 204.8 153.6) (256.0 51.2 204.8) (102.4 102.4 153.6)
     (102.4 102.4 256.0) (256.0 102.4 0.0) (51.2 102.4 102.4) (204.8 102.4 51.2) (0.0 51.2 51.2) (0.0 204.8 51.2) (153.6 256.0 102.4) (51.2 204.8 102.4) (102.4 102.4 51.2) (153.6 51.2 0.0)
     (153.6 102.4 256.0) (51.2 256.0 204.8) (153.6 204.8 51.2) (51.2 51.2 102.4) (51.2 153.6 102.4) (204.8 153.6 102.4) (256.0 204.8 102.4) (102.4 204.8 102.4) (153.6 153.6 0.0) (153.6 0.0 51.2)
     (51.2 51.2 204.8) (153.6 204.8 102.4) (204.8 256.0 256.0) (0.0 51.2 204.8) (0.0 153.6 204.8) (0.0 51.2 102.4) (153.6 153.6 102.4) (51.2 256.0 102.4) (204.8 51.2 51.2) (153.6 153.6 153.6)
     (204.8 0.0 102.4) (153.6 204.8 153.6) (102.4 0.0 153.6) (51.2 256.0 0.0) (204.8 153.6 153.6) (204.8 256.0 153.6) (51.2 102.4 153.6) (51.2 204.8 204.8) (204.8 153.6 102.4) (256.0 51.2 51.2)
     (204.8 204.8 204.8))
    ((0.0 204.8 51.2) (204.8 204.8 102.4) (51.2 102.4 102.4) (102.4 102.4 204.8) (51.2 102.4 0.0) (102.4 204.8 51.2) (204.8 204.8 51.2) (102.4 256.0 256.0) (102.4 204.8 0.0) (204.8 153.6 102.4)
     (51.2 204.8 51.2) (51.2 153.6 153.6) (51.2 102.4 102.4) (51.2 204.8 204.8) (51.2 0.0 204.8) (204.8 204.8 153.6) (153.6 51.2 102.4) (51.2 0.0 204.8) (204.8 0.0 102.4) (0.0 204.8 102.4)
     (204.8 256.0 153.6) (204.8 256.0 204.8) (256.0 0.0 153.6) (102.4 204.8 153.6) (51.2 102.4 102.4) (51.2 51.2 0.0) (102.4 0.0 102.4) (256.0 204.8 256.0) (204.8 102.4 153.6) (0.0 102.4 204.8)
     (102.4 256.0 204.8) (102.4 51.2 51.2) (51.2 102.4 102.4) (204.8 204.8 102.4) (102.4 153.6 102.4) (0.0 102.4 153.6) (102.4 256.0 102.4) (153.6 204.8 51.2) (51.2 256.0 51.2) (102.4 0.0 153.6)
     (51.2 153.6 51.2) (0.0 256.0 0.0) (153.6 153.6 153.6) (256.0 102.4 204.8) (153.6 102.4 51.2) (0.0 0.0 102.4) (204.8 102.4 204.8) (153.6 204.8 256.0) (204.8 102.4 51.2) (51.2 204.8 153.6))
    ((153.6 0.0 153.6) (204.8 102.4 256.0) (102.4 102.4 102.4) (204.8 51.2 102.4) (153.6 204.8 153.6) (102.4 256.0 204.8) (51.2 51.2 102.4) (204.8 153.6 204.8) (204.8 153.6 204.8)
     (102.4 0.0 102.4) (51.2 204.8 102.4) (0.0 102.4 153.6) (102.4 51.2 102.4) (102.4 51.2 204.8) (102.4 51.2 0.0) (51.2 51.2 256.0) (204.8 153.6 204.8) (102.4 153.6 153.6) (153.6 256.0 153.6)
     (153.6 51.2 51.2) (204.8 204.8 102.4) (204.8 256.0 204.8) (102.4 256.0 153.6) (204.8 51.2 204.8) (153.6 204.8 204.8) (153.6 204.8 51.2) (153.6 153.6 102.4) (256.0 204.8 0.0)
     (102.4 51.2 153.6) (256.0 51.2 204.8) (102.4 102.4 256.0) (204.8 0.0 204.8) (0.0 102.4 102.4) (153.6 204.8 153.6) (0.0 0.0 51.2) (204.8 102.4 153.6) (102.4 153.6 153.6) (102.4 51.2 51.2)
     (153.6 102.4 204.8) (102.4 204.8 102.4) (51.2 102.4 102.4) (256.0 153.6 0.0) (256.0 102.4 204.8) (204.8 256.0 153.6) (256.0 51.2 102.4) (204.8 0.0 153.6) (256.0 204.8 51.2)
     (102.4 204.8 256.0) (256.0 51.2 153.6) (102.4 204.8 102.4))
    ((51.2 204.8 0.0) (0.0 51.2 256.0) (153.6 51.2 204.8) (102.4 153.6 102.4) (204.8 102.4 204.8) (204.8 51.2 204.8) (102.4 51.2 51.2) (153.6 51.2 51.2) (51.2 256.0 153.6) (153.6 51.2 102.4)
     (204.8 102.4 0.0) (204.8 51.2 102.4) (102.4 51.2 102.4) (204.8 256.0 102.4) (51.2 51.2 51.2) (51.2 102.4 204.8) (153.6 102.4 153.6) (204.8 102.4 153.6) (153.6 51.2 0.0) (153.6 102.4 204.8)
     (153.6 102.4 0.0) (102.4 0.0 153.6) (204.8 204.8 51.2) (102.4 0.0 204.8) (0.0 256.0 0.0) (204.8 51.2 0.0) (153.6 153.6 51.2) (51.2 256.0 153.6) (51.2 153.6 51.2) (153.6 153.6 102.4)
     (204.8 102.4 51.2) (153.6 204.8 204.8) (153.6 204.8 256.0) (204.8 102.4 102.4) (204.8 51.2 204.8) (102.4 51.2 256.0) (153.6 204.8 102.4) (102.4 102.4 102.4) (256.0 51.2 204.8)
     (204.8 204.8 204.8) (256.0 102.4 102.4) (102.4 153.6 102.4) (51.2 204.8 102.4) (153.6 153.6 256.0) (102.4 51.2 204.8) (256.0 153.6 204.8) (0.0 102.4 153.6) (204.8 102.4 0.0)
     (153.6 102.4 204.8) (0.0 153.6 204.8))
    ((102.4 153.6 204.8) (204.8 256.0 102.4) (0.0 256.0 204.8) (51.2 102.4 204.8) (0.0 51.2 0.0) (0.0 51.2 153.6) (153.6 204.8 153.6) (102.4 102.4 204.8) (204.8 153.6 204.8) (0.0 256.0 256.0)
     (153.6 102.4 102.4) (51.2 204.8 102.4) (153.6 153.6 153.6) (51.2 204.8 102.4) (204.8 102.4 102.4) (153.6 153.6 204.8) (102.4 153.6 204.8) (51.2 51.2 102.4) (51.2 102.4 51.2) (51.2 51.2 256.0)
     (256.0 204.8 153.6) (0.0 102.4 0.0) (102.4 153.6 102.4) (204.8 204.8 102.4) (153.6 204.8 153.6) (102.4 153.6 102.4) (102.4 204.8 51.2) (0.0 0.0 0.0) (102.4 153.6 204.8) (153.6 153.6 153.6)
     (102.4 102.4 204.8) (51.2 0.0 204.8) (153.6 51.2 0.0) (51.2 102.4 153.6) (256.0 102.4 204.8) (204.8 204.8 204.8) (256.0 51.2 51.2) (51.2 153.6 51.2) (153.6 51.2 102.4) (204.8 256.0 153.6)
     (102.4 102.4 153.6) (256.0 153.6 204.8) (204.8 153.6 153.6) (153.6 256.0 204.8) (256.0 51.2 153.6) (51.2 204.8 204.8) (102.4 102.4 51.2) (0.0 153.6 256.0) (51.2 256.0 204.8)
     (204.8 102.4 102.4))
    ((102.4 153.6 51.2) (102.4 102.4 153.6) (204.8 153.6 153.6) (102.4 256.0 102.4) (256.0 256.0 153.6) (153.6 153.6 204.8) (51.2 256.0 153.6) (204.8 51.2 153.6) (256.0 51.2 256.0)
     (204.8 102.4 204.8) (0.0 0.0 102.4) (51.2 0.0 204.8) (102.4 153.6 153.6) (102.4 51.2 204.8) (51.2 102.4 204.8) (204.8 204.8 102.4) (51.2 153.6 102.4) (51.2 102.4 51.2) (0.0 102.4 51.2)
     (153.6 204.8 51.2) (102.4 102.4 204.8) (153.6 102.4 51.2) (204.8 256.0 204.8) (102.4 256.0 256.0) (51.2 153.6 256.0) (204.8 204.8 51.2) (51.2 102.4 256.0) (153.6 102.4 204.8)
     (102.4 102.4 153.6) (0.0 153.6 102.4) (51.2 102.4 0.0) (153.6 51.2 102.4) (51.2 0.0 153.6) (256.0 0.0 102.4) (256.0 153.6 51.2) (102.4 102.4 153.6) (204.8 51.2 204.8) (51.2 204.8 51.2)
     (204.8 153.6 256.0) (153.6 153.6 51.2) (51.2 0.0 153.6) (153.6 102.4 0.0) (51.2 0.0 102.4) (153.6 153.6 51.2) (204.8 51.2 51.2) (204.8 204.8 153.6) (51.2 204.8 102.4) (102.4 51.2 102.4)
     (153.6 153.6 204.8) (204.8 204.8 51.2)))
VECTO[4]> (setf sample (rand-weight-vector))
(234 127 111)
VECTO[5]> (setf winner-vect (find-winner map sample 'ED))
(256.0 102.4 102.4)
VECTO[6]> (get-down-scaled-vect map winner-vect)
(4.77 2.19 1.91)
VECTO[7]> (get-neighbors map winner-vect 0.1)
((102.4 102.4 256.0) (204.8 204.8 102.4) (102.4 51.2 256.0) (51.2 204.8 204.8) (153.6 102.4 256.0) (204.8 0.0 204.8) (204.8 204.8 51.2) (256.0 102.4 0.0) (0.0 204.8 153.6) (204.8 102.4 102.4)
 (256.0 153.6 51.2) (153.6 204.8 102.4) (51.2 51.2 256.0) (204.8 102.4 0.0) (153.6 204.8 51.2) (102.4 153.6 51.2) (51.2 204.8 153.6) (0.0 204.8 204.8) (153.6 51.2 153.6) (0.0 153.6 0.0)
 (102.4 51.2 51.2) (204.8 51.2 256.0) (204.8 0.0 153.6) (102.4 153.6 204.8) (51.2 102.4 0.0) (51.2 51.2 256.0) (153.6 102.4 153.6) (153.6 0.0 153.6) (204.8 102.4 153.6) (204.8 204.8 153.6)
 (204.8 51.2 256.0) (102.4 204.8 102.4) (204.8 51.2 102.4) (51.2 102.4 51.2) (153.6 204.8 204.8) (102.4 153.6 153.6) (51.2 204.8 102.4) (204.8 204.8 51.2) (204.8 51.2 204.8) (204.8 153.6 0.0)
 (204.8 153.6 204.8) (204.8 51.2 0.0) (51.2 51.2 0.0) (204.8 51.2 204.8) (153.6 102.4 256.0) (204.8 102.4 204.8) (0.0 256.0 204.8) (153.6 204.8 153.6) (204.8 0.0 204.8) (51.2 0.0 153.6)
 (204.8 153.6 153.6) (256.0 51.2 204.8) (51.2 51.2 102.4) (204.8 102.4 102.4) (102.4 153.6 102.4) (204.8 153.6 102.4) (204.8 204.8 256.0) (0.0 153.6 153.6) (204.8 204.8 153.6) (51.2 51.2 51.2)
 (204.8 0.0 153.6) (51.2 102.4 51.2) (153.6 102.4 102.4) (102.4 204.8 204.8) (0.0 102.4 51.2) (102.4 204.8 102.4) (102.4 256.0 153.6) (204.8 51.2 153.6) (0.0 153.6 256.0) (153.6 153.6 0.0)
 (51.2 51.2 256.0) (204.8 204.8 153.6) (204.8 102.4 204.8) (102.4 102.4 153.6) (51.2 204.8 51.2) (51.2 102.4 51.2) (204.8 102.4 0.0) (153.6 0.0 0.0) (102.4 204.8 204.8) (102.4 102.4 51.2)
 (0.0 204.8 153.6) (204.8 204.8 153.6) (102.4 204.8 204.8) (51.2 256.0 51.2) (204.8 153.6 0.0) (0.0 51.2 102.4) (102.4 153.6 153.6) (153.6 204.8 102.4) (256.0 0.0 153.6) (256.0 153.6 102.4)
 (51.2 204.8 51.2) (51.2 204.8 204.8) (256.0 102.4 102.4) (102.4 102.4 153.6) (51.2 204.8 256.0) (256.0 51.2 51.2) (102.4 153.6 256.0) (256.0 204.8 102.4) (256.0 153.6 153.6) (204.8 153.6 51.2)
 (256.0 0.0 51.2) (256.0 51.2 102.4) (102.4 153.6 102.4) (51.2 204.8 204.8) (153.6 153.6 204.8) (102.4 102.4 51.2) (153.6 51.2 51.2) (0.0 153.6 153.6) (153.6 256.0 102.4) (204.8 153.6 204.8)
 (153.6 153.6 0.0) (204.8 102.4 204.8) (204.8 102.4 153.6) (153.6 256.0 51.2) (204.8 0.0 256.0) (51.2 0.0 256.0) (51.2 102.4 51.2) (102.4 153.6 51.2) (51.2 51.2 153.6) (0.0 204.8 51.2)
 (0.0 204.8 51.2) (204.8 102.4 102.4) (102.4 0.0 153.6) (102.4 153.6 51.2) (51.2 51.2 204.8) (102.4 153.6 256.0) (256.0 204.8 204.8) (51.2 102.4 153.6) (0.0 51.2 51.2) (102.4 102.4 102.4)
 (0.0 256.0 256.0) (204.8 0.0 102.4) (0.0 204.8 153.6) (153.6 204.8 153.6) (102.4 102.4 204.8) (51.2 102.4 153.6) (153.6 0.0 153.6) (256.0 153.6 204.8) (102.4 204.8 51.2) (51.2 51.2 153.6)
 (204.8 102.4 102.4) (0.0 0.0 102.4) (51.2 102.4 51.2) (153.6 153.6 204.8) (102.4 102.4 102.4) (0.0 0.0 0.0) (51.2 51.2 51.2) (102.4 102.4 204.8) (204.8 51.2 153.6) (102.4 204.8 0.0)
 (204.8 102.4 256.0) (256.0 102.4 204.8) (102.4 102.4 153.6) (0.0 51.2 102.4) (256.0 153.6 204.8) (102.4 256.0 51.2) (51.2 256.0 102.4) (204.8 153.6 204.8) (0.0 51.2 0.0) (51.2 204.8 204.8)
 (0.0 153.6 0.0) (256.0 256.0 153.6) (0.0 102.4 153.6) (0.0 153.6 0.0) (102.4 204.8 0.0) (51.2 0.0 153.6) (204.8 51.2 204.8) (153.6 51.2 256.0) (153.6 0.0 153.6) (0.0 204.8 0.0)
 (102.4 102.4 153.6) (0.0 153.6 51.2) (256.0 0.0 204.8) (204.8 204.8 102.4) (51.2 102.4 204.8) (256.0 51.2 102.4) (204.8 256.0 153.6) (204.8 102.4 256.0) (51.2 256.0 256.0) (204.8 0.0 51.2)
 (204.8 153.6 256.0) (102.4 153.6 102.4) (102.4 256.0 153.6) (0.0 153.6 153.6) (153.6 0.0 204.8) (204.8 51.2 153.6) (153.6 204.8 204.8) (256.0 204.8 204.8) (204.8 51.2 204.8) (51.2 102.4 51.2)
 (204.8 204.8 102.4) (204.8 51.2 256.0) (204.8 256.0 51.2) (204.8 102.4 51.2) (153.6 204.8 204.8) (51.2 256.0 153.6) (0.0 51.2 102.4) (102.4 153.6 256.0) (256.0 0.0 153.6) (102.4 51.2 204.8)
 (102.4 102.4 102.4) (153.6 153.6 204.8) (102.4 153.6 102.4) (204.8 102.4 256.0) (51.2 0.0 204.8) (0.0 256.0 256.0) (204.8 204.8 0.0) (256.0 0.0 153.6) (204.8 51.2 204.8) (102.4 0.0 204.8)
 (102.4 51.2 51.2) (204.8 51.2 153.6) (153.6 51.2 102.4) (0.0 51.2 204.8) (0.0 102.4 256.0) (102.4 102.4 153.6) (153.6 102.4 204.8) (102.4 204.8 204.8) (0.0 51.2 102.4) (256.0 51.2 204.8)
 (153.6 153.6 51.2) (102.4 51.2 0.0) (51.2 51.2 102.4) (256.0 153.6 51.2) (204.8 0.0 204.8) (51.2 204.8 153.6) (256.0 102.4 153.6) (51.2 204.8 102.4) (204.8 0.0 51.2) (153.6 0.0 204.8)
 (51.2 51.2 256.0) (102.4 102.4 256.0) (51.2 256.0 0.0) (0.0 256.0 153.6) (102.4 153.6 51.2) (102.4 204.8 102.4) (102.4 102.4 51.2) (204.8 51.2 51.2) (102.4 153.6 153.6) (51.2 204.8 102.4)
 (204.8 51.2 102.4) (256.0 51.2 204.8) (204.8 102.4 153.6) (0.0 204.8 204.8) (102.4 153.6 102.4) (256.0 204.8 0.0) (102.4 51.2 204.8) (256.0 153.6 0.0) (256.0 51.2 204.8) (204.8 204.8 204.8)
 (204.8 102.4 0.0) (153.6 204.8 102.4) (102.4 256.0 51.2) (102.4 51.2 204.8) (51.2 256.0 51.2) (153.6 102.4 51.2) (256.0 204.8 51.2) (204.8 256.0 256.0) (204.8 204.8 0.0) (51.2 102.4 51.2)
 (204.8 204.8 204.8) (51.2 0.0 204.8) (204.8 51.2 51.2) (153.6 256.0 204.8) (51.2 51.2 256.0) (204.8 102.4 204.8) (102.4 153.6 256.0) (256.0 256.0 204.8) (256.0 0.0 153.6) (51.2 153.6 153.6)
 (204.8 204.8 102.4) (204.8 102.4 102.4) (0.0 102.4 51.2) (102.4 256.0 204.8) (153.6 51.2 102.4) (256.0 153.6 204.8) (204.8 0.0 102.4) (204.8 0.0 102.4) (204.8 153.6 51.2) (102.4 102.4 51.2)
 (0.0 256.0 102.4) (102.4 51.2 102.4) (153.6 51.2 51.2) (153.6 153.6 51.2) (0.0 204.8 256.0) (51.2 153.6 256.0) (256.0 153.6 256.0) (51.2 51.2 51.2) (204.8 102.4 256.0) (51.2 204.8 256.0)
 (204.8 153.6 153.6) (0.0 204.8 102.4) (51.2 102.4 51.2) (204.8 153.6 102.4) (204.8 204.8 51.2) (102.4 256.0 204.8) (204.8 153.6 153.6) (51.2 102.4 204.8) (204.8 102.4 204.8) (51.2 256.0 102.4)
 (51.2 51.2 51.2) (0.0 51.2 153.6) (204.8 153.6 102.4) (204.8 51.2 153.6) (153.6 102.4 51.2) (256.0 51.2 204.8) (256.0 51.2 153.6) (153.6 204.8 204.8) (51.2 0.0 153.6) (204.8 153.6 153.6)
 (153.6 102.4 51.2) (204.8 51.2 204.8) (204.8 0.0 0.0) (204.8 204.8 102.4) (102.4 51.2 153.6) (204.8 0.0 204.8) (153.6 153.6 256.0) (102.4 102.4 153.6) (51.2 0.0 51.2) (204.8 0.0 153.6)
 (204.8 204.8 204.8) (51.2 153.6 0.0) (256.0 153.6 204.8) (153.6 0.0 153.6) (256.0 256.0 51.2) (256.0 51.2 51.2) (51.2 256.0 102.4) (51.2 102.4 204.8) (51.2 256.0 0.0) (153.6 102.4 51.2)
 (0.0 102.4 102.4) (204.8 0.0 102.4) (102.4 256.0 204.8) (0.0 102.4 0.0) (51.2 0.0 204.8) (204.8 256.0 102.4) (102.4 204.8 102.4) (102.4 153.6 153.6) (0.0 102.4 153.6) (204.8 153.6 0.0)
 (204.8 0.0 256.0) (153.6 256.0 51.2) (153.6 102.4 102.4) (256.0 153.6 153.6) (51.2 102.4 153.6) (153.6 153.6 256.0) (204.8 204.8 102.4) (102.4 256.0 51.2) (102.4 102.4 204.8) (51.2 204.8 102.4)
 (51.2 51.2 102.4) (153.6 0.0 102.4) (204.8 153.6 204.8) (153.6 204.8 0.0) (204.8 153.6 153.6) (204.8 256.0 0.0) (102.4 204.8 204.8) (204.8 256.0 153.6) (51.2 204.8 204.8) (204.8 102.4 51.2)
 (153.6 0.0 153.6) (256.0 0.0 204.8) (51.2 204.8 153.6) (256.0 256.0 102.4) (256.0 102.4 102.4) (51.2 153.6 102.4) (204.8 102.4 102.4) (153.6 204.8 51.2) (0.0 102.4 51.2) (153.6 204.8 51.2)
 (51.2 204.8 256.0) (51.2 102.4 153.6) (153.6 153.6 51.2) (153.6 153.6 256.0) (51.2 204.8 51.2) (204.8 204.8 204.8) (256.0 51.2 51.2) (153.6 51.2 0.0) (153.6 51.2 51.2) (256.0 51.2 102.4)
 (102.4 102.4 0.0) (0.0 204.8 153.6) (256.0 102.4 51.2) (204.8 0.0 102.4) (204.8 0.0 256.0) (0.0 51.2 102.4) (153.6 256.0 51.2) (51.2 0.0 153.6) (0.0 204.8 256.0) (256.0 153.6 51.2)
 (204.8 0.0 256.0) (102.4 0.0 51.2) (51.2 153.6 204.8) (256.0 0.0 102.4) (204.8 153.6 51.2) (204.8 102.4 204.8) (102.4 153.6 102.4) (0.0 51.2 102.4) (102.4 256.0 153.6) (204.8 256.0 51.2)
 (153.6 51.2 51.2) (102.4 102.4 102.4) (102.4 256.0 0.0) (102.4 153.6 51.2) (204.8 0.0 153.6) (0.0 153.6 102.4) (102.4 204.8 204.8) (153.6 204.8 51.2) (51.2 256.0 256.0) (153.6 204.8 153.6)
 (153.6 153.6 51.2) (256.0 51.2 51.2) (102.4 256.0 0.0) (204.8 256.0 153.6) (153.6 51.2 204.8) (204.8 102.4 51.2) (153.6 102.4 102.4) (153.6 204.8 256.0) (51.2 102.4 51.2) (204.8 153.6 153.6)
 (153.6 102.4 204.8) (102.4 153.6 102.4) (102.4 102.4 0.0) (204.8 204.8 51.2) (51.2 102.4 51.2) (204.8 204.8 51.2) (153.6 153.6 0.0) (51.2 102.4 153.6) (204.8 256.0 153.6) (204.8 102.4 0.0)
 (256.0 256.0 153.6) (51.2 153.6 102.4) (204.8 102.4 204.8) (51.2 153.6 51.2) (51.2 102.4 0.0) (102.4 204.8 153.6) (102.4 256.0 204.8) (204.8 0.0 51.2) (51.2 0.0 102.4) (153.6 153.6 51.2)
 (204.8 153.6 0.0) (102.4 153.6 51.2) (51.2 204.8 51.2) (204.8 102.4 204.8) (153.6 204.8 102.4) (256.0 204.8 204.8) (51.2 0.0 256.0) (153.6 102.4 256.0) (153.6 204.8 102.4) (153.6 51.2 51.2)
 (256.0 153.6 51.2) (102.4 204.8 51.2) (256.0 153.6 0.0) (51.2 153.6 153.6) (204.8 153.6 153.6) (102.4 204.8 51.2) (0.0 102.4 204.8) (204.8 153.6 102.4) (51.2 102.4 153.6) (102.4 153.6 0.0)
 (153.6 51.2 204.8) (0.0 204.8 204.8) (102.4 153.6 153.6) (153.6 0.0 153.6) (51.2 153.6 204.8) (0.0 0.0 51.2) (51.2 204.8 51.2) (51.2 153.6 102.4) (204.8 256.0 256.0) (0.0 153.6 51.2)
 (153.6 102.4 0.0) (204.8 153.6 102.4) (0.0 204.8 102.4) (153.6 204.8 153.6) (204.8 153.6 256.0) (102.4 204.8 102.4) (0.0 153.6 256.0) (153.6 256.0 51.2) (51.2 153.6 51.2) (102.4 204.8 51.2)
 (204.8 51.2 102.4) (102.4 153.6 102.4) (102.4 153.6 51.2) (102.4 51.2 51.2) (0.0 102.4 102.4) (153.6 256.0 0.0) (204.8 153.6 102.4) (153.6 153.6 102.4) (0.0 102.4 153.6) (51.2 51.2 204.8)
 (102.4 102.4 0.0) (51.2 204.8 204.8) (51.2 0.0 256.0) (0.0 256.0 0.0) (0.0 0.0 102.4) (153.6 0.0 51.2) (256.0 0.0 51.2) (51.2 0.0 51.2) (153.6 102.4 0.0) (204.8 204.8 0.0) (153.6 102.4 256.0)
 (153.6 51.2 102.4) (204.8 153.6 51.2) (102.4 51.2 153.6) (204.8 102.4 204.8) (256.0 256.0 204.8) (51.2 102.4 51.2) (153.6 256.0 204.8) (0.0 0.0 51.2) (0.0 153.6 204.8) (256.0 256.0 153.6)
 (204.8 102.4 204.8) (102.4 0.0 51.2) (204.8 204.8 0.0) (204.8 256.0 204.8) (153.6 204.8 153.6) (102.4 102.4 204.8) (102.4 153.6 153.6) (51.2 204.8 204.8) (102.4 256.0 256.0) (102.4 0.0 51.2)
 (153.6 51.2 153.6) (0.0 204.8 102.4) (204.8 204.8 153.6) (204.8 102.4 51.2) (51.2 204.8 51.2) (256.0 153.6 153.6) (51.2 256.0 51.2) (102.4 256.0 204.8) (153.6 256.0 204.8) (102.4 102.4 204.8)
 (153.6 102.4 51.2) (0.0 51.2 102.4) (102.4 0.0 102.4) (0.0 204.8 204.8) (102.4 204.8 51.2) (153.6 153.6 256.0) (204.8 204.8 51.2) (0.0 0.0 102.4) (153.6 256.0 153.6) (256.0 51.2 51.2)
 (204.8 204.8 153.6) (153.6 153.6 0.0) (51.2 153.6 102.4) (102.4 102.4 51.2) (102.4 51.2 204.8) (153.6 51.2 102.4) (102.4 51.2 102.4) (256.0 102.4 204.8) (51.2 102.4 102.4) (102.4 204.8 51.2)
 (153.6 102.4 204.8) (153.6 51.2 204.8) (204.8 204.8 204.8) (51.2 51.2 51.2) (204.8 51.2 51.2) (102.4 256.0 204.8) (153.6 153.6 102.4) (102.4 204.8 51.2) (153.6 0.0 51.2) (153.6 102.4 102.4)
 (204.8 51.2 51.2) (51.2 204.8 102.4) (256.0 102.4 204.8) (153.6 51.2 0.0) (204.8 51.2 153.6) (51.2 51.2 204.8) (0.0 51.2 0.0) (51.2 51.2 102.4) (153.6 204.8 153.6) (51.2 102.4 204.8)
 (0.0 0.0 256.0) (102.4 153.6 153.6) (256.0 204.8 0.0) (153.6 102.4 102.4) (153.6 153.6 102.4) (51.2 51.2 204.8) (102.4 204.8 102.4) (51.2 256.0 204.8) (102.4 102.4 51.2) (51.2 51.2 102.4)
 (0.0 102.4 102.4) (102.4 51.2 51.2) (51.2 102.4 256.0) (0.0 204.8 102.4) (102.4 153.6 102.4) (102.4 153.6 102.4) (0.0 51.2 204.8) (153.6 51.2 204.8) (102.4 153.6 51.2) (153.6 153.6 102.4)
 (204.8 102.4 204.8) (204.8 51.2 51.2) (204.8 51.2 204.8) (102.4 153.6 204.8) (153.6 102.4 0.0) (256.0 102.4 51.2) (153.6 204.8 204.8) (204.8 153.6 0.0) (204.8 102.4 204.8) (153.6 153.6 51.2)
 (102.4 102.4 153.6) (153.6 102.4 153.6) (102.4 0.0 0.0) (102.4 51.2 102.4) (204.8 204.8 51.2) (153.6 51.2 0.0) (256.0 102.4 256.0) (204.8 256.0 0.0) (102.4 102.4 51.2) (204.8 204.8 51.2)
 (204.8 153.6 0.0) (153.6 102.4 153.6) (0.0 0.0 153.6) (51.2 102.4 204.8) (102.4 153.6 204.8) (256.0 204.8 256.0) (204.8 102.4 153.6) (204.8 51.2 102.4) (0.0 51.2 153.6) (51.2 204.8 102.4)
 (102.4 153.6 204.8) (204.8 204.8 51.2) (153.6 153.6 153.6) (102.4 51.2 256.0) (256.0 153.6 153.6) (0.0 102.4 51.2) (102.4 204.8 0.0) (0.0 102.4 51.2) (204.8 102.4 204.8) (153.6 153.6 51.2)
 (102.4 153.6 0.0) (153.6 51.2 204.8) (0.0 51.2 51.2) (256.0 204.8 102.4) (204.8 51.2 0.0) (51.2 51.2 204.8) (102.4 256.0 0.0) (0.0 204.8 153.6) (0.0 204.8 256.0) (51.2 204.8 102.4)
 (204.8 102.4 51.2) (204.8 153.6 0.0) (204.8 204.8 153.6) (204.8 102.4 256.0) (51.2 153.6 204.8) (204.8 51.2 0.0) (204.8 153.6 102.4) (153.6 153.6 51.2) (0.0 102.4 153.6) (204.8 0.0 0.0)
 (204.8 51.2 0.0) (153.6 204.8 153.6) (51.2 102.4 51.2) (153.6 0.0 153.6) (51.2 153.6 153.6) (51.2 153.6 51.2) (0.0 204.8 51.2) (204.8 153.6 256.0) (51.2 204.8 204.8) (102.4 204.8 102.4)
 (0.0 204.8 256.0) (204.8 102.4 51.2) (0.0 153.6 153.6) (204.8 51.2 256.0) (51.2 102.4 204.8) (204.8 0.0 0.0) (51.2 102.4 256.0) (153.6 204.8 256.0) (0.0 256.0 153.6) (0.0 256.0 256.0)
 (153.6 204.8 204.8) (256.0 153.6 204.8) (153.6 204.8 153.6) (153.6 51.2 0.0) (51.2 204.8 153.6) (204.8 204.8 153.6) (102.4 51.2 153.6) (204.8 204.8 0.0) (102.4 204.8 153.6) (256.0 256.0 51.2)
 (102.4 153.6 153.6) (102.4 102.4 51.2) (102.4 51.2 256.0) (153.6 0.0 204.8) (153.6 0.0 51.2) (51.2 204.8 153.6) (51.2 102.4 102.4) (102.4 153.6 204.8) (51.2 51.2 51.2) (102.4 0.0 153.6)
 (204.8 102.4 102.4) (204.8 102.4 102.4) (204.8 51.2 51.2) (204.8 102.4 256.0) (0.0 256.0 0.0) (204.8 153.6 102.4) (51.2 153.6 102.4) (256.0 51.2 204.8) (204.8 256.0 204.8) (51.2 256.0 102.4)
 (0.0 51.2 102.4) (102.4 153.6 256.0) (102.4 51.2 204.8) (0.0 256.0 256.0) (256.0 102.4 0.0) (102.4 0.0 51.2) (51.2 102.4 102.4) (153.6 204.8 102.4) (102.4 153.6 51.2) (153.6 204.8 153.6)
 (51.2 204.8 102.4) (102.4 204.8 102.4) (256.0 0.0 204.8) (51.2 0.0 153.6) (102.4 0.0 153.6) (153.6 0.0 102.4) (51.2 153.6 204.8) (0.0 102.4 102.4) (204.8 256.0 102.4) (102.4 102.4 153.6)
 (153.6 51.2 204.8) (102.4 256.0 102.4) (256.0 153.6 102.4) (102.4 51.2 204.8) (204.8 102.4 204.8) (204.8 51.2 102.4) (204.8 256.0 102.4) (153.6 51.2 204.8) (204.8 102.4 204.8) (102.4 102.4 51.2)
 (204.8 51.2 204.8) (102.4 204.8 0.0) (51.2 256.0 204.8) (102.4 204.8 204.8) (153.6 102.4 204.8) (256.0 51.2 102.4) (51.2 102.4 204.8) (0.0 51.2 51.2) (153.6 102.4 256.0) (102.4 102.4 0.0)
 (0.0 102.4 51.2) (0.0 51.2 102.4) (153.6 256.0 204.8) (153.6 153.6 51.2) (51.2 256.0 204.8) (153.6 0.0 0.0) (102.4 102.4 51.2) (153.6 102.4 102.4) (102.4 0.0 204.8) (102.4 102.4 256.0)
 (256.0 153.6 51.2) (102.4 256.0 153.6) (204.8 51.2 153.6) (204.8 153.6 102.4) (0.0 51.2 51.2) (0.0 256.0 51.2) (256.0 102.4 102.4) (153.6 51.2 51.2) (153.6 204.8 102.4) (51.2 204.8 51.2)
 (51.2 256.0 102.4) (0.0 204.8 51.2) (51.2 51.2 51.2) (204.8 51.2 0.0) (204.8 204.8 153.6) (102.4 256.0 51.2) (51.2 102.4 102.4) (153.6 102.4 256.0) (51.2 153.6 102.4) (0.0 102.4 153.6)
 (51.2 0.0 51.2) (204.8 0.0 153.6) (256.0 0.0 153.6) (51.2 51.2 51.2) (51.2 256.0 102.4) (51.2 102.4 153.6) (204.8 51.2 204.8) (204.8 0.0 153.6) (102.4 51.2 153.6) (102.4 153.6 256.0)
 (51.2 51.2 51.2) (153.6 153.6 102.4) (51.2 102.4 51.2) (256.0 102.4 102.4) (51.2 256.0 153.6) (204.8 51.2 204.8) (256.0 51.2 204.8) (153.6 0.0 51.2) (153.6 256.0 0.0) (256.0 51.2 153.6)
 (153.6 153.6 204.8) (0.0 204.8 51.2) (153.6 102.4 0.0) (256.0 256.0 51.2) (204.8 153.6 153.6) (102.4 51.2 102.4) (51.2 51.2 153.6) (51.2 102.4 256.0) (102.4 204.8 102.4) (51.2 153.6 102.4)
 (153.6 0.0 153.6) (102.4 153.6 153.6) (204.8 102.4 102.4) (153.6 153.6 102.4) (51.2 204.8 153.6) (51.2 153.6 51.2) (153.6 102.4 51.2) (153.6 153.6 0.0) (102.4 51.2 102.4) (204.8 0.0 204.8)
 (102.4 102.4 102.4) (102.4 51.2 153.6) (102.4 204.8 204.8) (51.2 204.8 102.4) (0.0 51.2 256.0) (51.2 204.8 153.6) (153.6 153.6 51.2) (102.4 204.8 0.0) (51.2 0.0 204.8) (204.8 102.4 51.2)
 (256.0 102.4 102.4) (153.6 204.8 204.8) (153.6 204.8 153.6) (204.8 0.0 153.6) (153.6 102.4 102.4) (204.8 102.4 102.4) (153.6 204.8 51.2) (204.8 0.0 153.6) (102.4 153.6 102.4) (204.8 0.0 153.6)
 (51.2 102.4 153.6) (204.8 256.0 102.4) (256.0 204.8 153.6) (102.4 51.2 204.8) (153.6 204.8 204.8) (204.8 102.4 153.6) (204.8 153.6 0.0) (102.4 153.6 204.8) (51.2 153.6 51.2) (102.4 256.0 153.6)
 (51.2 51.2 204.8) (102.4 153.6 153.6) (51.2 256.0 256.0) (204.8 51.2 256.0) (51.2 204.8 102.4) (153.6 153.6 0.0) (102.4 51.2 102.4) (0.0 0.0 0.0) (51.2 51.2 204.8) (51.2 102.4 153.6)
 (153.6 204.8 0.0) (102.4 102.4 153.6) (0.0 204.8 204.8) (256.0 102.4 153.6) (204.8 153.6 204.8) (256.0 102.4 204.8) (102.4 0.0 153.6) (51.2 153.6 51.2) (51.2 153.6 256.0) (0.0 102.4 51.2)
 (0.0 256.0 102.4) (204.8 204.8 102.4) (204.8 102.4 204.8) (51.2 256.0 0.0) (0.0 204.8 204.8) (0.0 153.6 153.6) (0.0 0.0 0.0) (153.6 51.2 204.8) (102.4 204.8 204.8) (204.8 153.6 102.4)
 (204.8 204.8 153.6) (0.0 204.8 102.4) (102.4 102.4 153.6) (153.6 102.4 256.0) (0.0 102.4 51.2) (51.2 0.0 256.0) (102.4 204.8 204.8) (51.2 102.4 153.6) (204.8 0.0 204.8) (153.6 256.0 0.0)
 (204.8 256.0 102.4) (153.6 204.8 153.6) (256.0 0.0 256.0) (204.8 204.8 204.8) (51.2 204.8 51.2) (0.0 204.8 153.6) (102.4 153.6 256.0) (256.0 51.2 102.4) (153.6 51.2 51.2) (102.4 153.6 102.4)
 (102.4 102.4 204.8) (153.6 0.0 153.6) (204.8 153.6 0.0) (153.6 153.6 51.2) (153.6 204.8 153.6) (51.2 204.8 0.0) (0.0 204.8 153.6) (51.2 204.8 102.4) (51.2 153.6 0.0) (153.6 204.8 102.4)
 (102.4 204.8 51.2) (51.2 204.8 0.0) (102.4 51.2 0.0) (0.0 102.4 0.0) (0.0 51.2 153.6) (51.2 204.8 51.2) (153.6 153.6 102.4) (102.4 153.6 51.2) (51.2 204.8 204.8) (102.4 153.6 204.8)
 (204.8 0.0 204.8) (204.8 102.4 153.6) (256.0 153.6 102.4) (153.6 102.4 0.0) (102.4 256.0 51.2) (256.0 153.6 153.6) (204.8 204.8 204.8) (51.2 102.4 0.0) (153.6 102.4 51.2) (0.0 0.0 204.8)
 (204.8 204.8 51.2) (256.0 0.0 256.0) (102.4 102.4 102.4) (51.2 204.8 153.6) (153.6 204.8 256.0) (102.4 256.0 256.0) (102.4 51.2 51.2) (204.8 153.6 153.6) (51.2 204.8 153.6) (102.4 256.0 153.6)
 (51.2 204.8 153.6) (102.4 51.2 51.2) (51.2 102.4 204.8) (256.0 204.8 102.4) (204.8 153.6 102.4) (51.2 102.4 51.2) (51.2 102.4 102.4) (153.6 102.4 102.4) (51.2 204.8 102.4) (0.0 0.0 153.6)
 (153.6 51.2 102.4) (153.6 102.4 256.0) (51.2 0.0 102.4) (153.6 102.4 153.6) (204.8 102.4 51.2) (256.0 153.6 102.4) (102.4 153.6 153.6) (0.0 204.8 51.2) (0.0 51.2 102.4) (0.0 102.4 102.4)
 (102.4 0.0 153.6) (102.4 153.6 51.2) (153.6 51.2 102.4) (102.4 153.6 102.4) (256.0 51.2 153.6) (51.2 51.2 0.0) (102.4 153.6 0.0) (51.2 153.6 153.6) (153.6 204.8 204.8))
VECTO[8]>
Bye.