  i i i i i i i       ooooo    o        ooooooo   ooooo   ooooo
  I I I I I I I      8     8   8           8     8     o  8    8
  I  \ `+' /  I      8         8           8     8        8    8
   \  `-+-'  /       8         8           8      ooooo   8oooo
    `-__|__-'        8         8           8           8  8
        |            8     o   8           8     o     8  8
  ------+------       ooooo    8oooooo  ooo8ooo   ooooo   8

Welcome to GNU CLISP 2.49 (2010-07-07) <http://clisp.cons.org/>

Copyright (c) Bruno Haible, Michael Stoll 1992, 1993
Copyright (c) Bruno Haible, Marcus Daniels 1994-1997
Copyright (c) Bruno Haible, Pierpaolo Bernardi, Sam Steingold 1998
Copyright (c) Bruno Haible, Sam Steingold 1999-2000
Copyright (c) Sam Steingold, Bruno Haible 2001-2010

Type :h and hit Enter for context help.

[1]> (load "task2.lsp")
;; Loading file task2.lsp ...
;;  Loading file task1.lsp ...
;;  Loaded file task1.lsp
;; Loaded file task2.lsp
T
[2]> (setf vec1 (rand-weight-vector))
(1 137 42)
[3]> (setf vec2 (rand-weight-vector))
(213 153 18)
[4]> (subtract vec2 vec1)
(212 16 -24)
[5]> (setf vec1 (set-vector (nth 0 (rand-weight-vector)) (nth 1 (rand-weight-vector)) (nth 2 (rand-weight-vector))))
(232 78 202)
[6]> (get-dist vec2 vec1)
199.60461
[7]> (setf map (init-default-array 16))
#2A(((0 0 0) (0 0 0) (0 0 0) (0 0 0) (0 0 0) (0 0 0) (0 0 0) (0 0 0) (0 0 0) (0 0 0) (0 0 0) (0 0 0) (0 0 0) (0 0 0) (0 0 0) (0 0 0))
    ((0 0 0) (0 0 0) (0 0 0) (0 0 0) (0 0 0) (0 0 0) (0 0 0) (0 0 0) (0 0 0) (0 0 0) (0 0 0) (0 0 0) (0 0 0) (0 0 0) (0 0 0) (0 0 0))
    ((0 0 0) (0 0 0) (0 0 0) (0 0 0) (0 0 0) (0 0 0) (0 0 0) (0 0 0) (0 0 0) (0 0 0) (0 0 0) (0 0 0) (0 0 0) (0 0 0) (0 0 0) (0 0 0))
    ((0 0 0) (0 0 0) (0 0 0) (0 0 0) (0 0 0) (0 0 0) (0 0 0) (0 0 0) (0 0 0) (0 0 0) (0 0 0) (0 0 0) (0 0 0) (0 0 0) (0 0 0) (0 0 0))
    ((0 0 0) (0 0 0) (0 0 0) (0 0 0) (0 0 0) (0 0 0) (0 0 0) (0 0 0) (0 0 0) (0 0 0) (0 0 0) (0 0 0) (0 0 0) (0 0 0) (0 0 0) (0 0 0))
    ((0 0 0) (0 0 0) (0 0 0) (0 0 0) (0 0 0) (0 0 0) (0 0 0) (0 0 0) (0 0 0) (0 0 0) (0 0 0) (0 0 0) (0 0 0) (0 0 0) (0 0 0) (0 0 0))
    ((0 0 0) (0 0 0) (0 0 0) (0 0 0) (0 0 0) (0 0 0) (0 0 0) (0 0 0) (0 0 0) (0 0 0) (0 0 0) (0 0 0) (0 0 0) (0 0 0) (0 0 0) (0 0 0))
    ((0 0 0) (0 0 0) (0 0 0) (0 0 0) (0 0 0) (0 0 0) (0 0 0) (0 0 0) (0 0 0) (0 0 0) (0 0 0) (0 0 0) (0 0 0) (0 0 0) (0 0 0) (0 0 0))
    ((0 0 0) (0 0 0) (0 0 0) (0 0 0) (0 0 0) (0 0 0) (0 0 0) (0 0 0) (0 0 0) (0 0 0) (0 0 0) (0 0 0) (0 0 0) (0 0 0) (0 0 0) (0 0 0))
    ((0 0 0) (0 0 0) (0 0 0) (0 0 0) (0 0 0) (0 0 0) (0 0 0) (0 0 0) (0 0 0) (0 0 0) (0 0 0) (0 0 0) (0 0 0) (0 0 0) (0 0 0) (0 0 0))
    ((0 0 0) (0 0 0) (0 0 0) (0 0 0) (0 0 0) (0 0 0) (0 0 0) (0 0 0) (0 0 0) (0 0 0) (0 0 0) (0 0 0) (0 0 0) (0 0 0) (0 0 0) (0 0 0))
    ((0 0 0) (0 0 0) (0 0 0) (0 0 0) (0 0 0) (0 0 0) (0 0 0) (0 0 0) (0 0 0) (0 0 0) (0 0 0) (0 0 0) (0 0 0) (0 0 0) (0 0 0) (0 0 0))
    ((0 0 0) (0 0 0) (0 0 0) (0 0 0) (0 0 0) (0 0 0) (0 0 0) (0 0 0) (0 0 0) (0 0 0) (0 0 0) (0 0 0) (0 0 0) (0 0 0) (0 0 0) (0 0 0))
    ((0 0 0) (0 0 0) (0 0 0) (0 0 0) (0 0 0) (0 0 0) (0 0 0) (0 0 0) (0 0 0) (0 0 0) (0 0 0) (0 0 0) (0 0 0) (0 0 0) (0 0 0) (0 0 0))
    ((0 0 0) (0 0 0) (0 0 0) (0 0 0) (0 0 0) (0 0 0) (0 0 0) (0 0 0) (0 0 0) (0 0 0) (0 0 0) (0 0 0) (0 0 0) (0 0 0) (0 0 0) (0 0 0))
    ((0 0 0) (0 0 0) (0 0 0) (0 0 0) (0 0 0) (0 0 0) (0 0 0) (0 0 0) (0 0 0) (0 0 0) (0 0 0) (0 0 0) (0 0 0) (0 0 0) (0 0 0) (0 0 0)))
[8]> (print-array map)
(0 0 0) (0 0 0) (0 0 0) (0 0 0) (0 0 0) (0 0 0) (0 0 0) (0 0 0) (0 0 0) (0 0 0) (0 0 0) (0 0 0) (0 0 0) (0 0 0) (0 0 0) (0 0 0)
(0 0 0) (0 0 0) (0 0 0) (0 0 0) (0 0 0) (0 0 0) (0 0 0) (0 0 0) (0 0 0) (0 0 0) (0 0 0) (0 0 0) (0 0 0) (0 0 0) (0 0 0) (0 0 0)
(0 0 0) (0 0 0) (0 0 0) (0 0 0) (0 0 0) (0 0 0) (0 0 0) (0 0 0) (0 0 0) (0 0 0) (0 0 0) (0 0 0) (0 0 0) (0 0 0) (0 0 0) (0 0 0)
(0 0 0) (0 0 0) (0 0 0) (0 0 0) (0 0 0) (0 0 0) (0 0 0) (0 0 0) (0 0 0) (0 0 0) (0 0 0) (0 0 0) (0 0 0) (0 0 0) (0 0 0) (0 0 0)
(0 0 0) (0 0 0) (0 0 0) (0 0 0) (0 0 0) (0 0 0) (0 0 0) (0 0 0) (0 0 0) (0 0 0) (0 0 0) (0 0 0) (0 0 0) (0 0 0) (0 0 0) (0 0 0)
(0 0 0) (0 0 0) (0 0 0) (0 0 0) (0 0 0) (0 0 0) (0 0 0) (0 0 0) (0 0 0) (0 0 0) (0 0 0) (0 0 0) (0 0 0) (0 0 0) (0 0 0) (0 0 0)
(0 0 0) (0 0 0) (0 0 0) (0 0 0) (0 0 0) (0 0 0) (0 0 0) (0 0 0) (0 0 0) (0 0 0) (0 0 0) (0 0 0) (0 0 0) (0 0 0) (0 0 0) (0 0 0)
(0 0 0) (0 0 0) (0 0 0) (0 0 0) (0 0 0) (0 0 0) (0 0 0) (0 0 0) (0 0 0) (0 0 0) (0 0 0) (0 0 0) (0 0 0) (0 0 0) (0 0 0) (0 0 0)
(0 0 0) (0 0 0) (0 0 0) (0 0 0) (0 0 0) (0 0 0) (0 0 0) (0 0 0) (0 0 0) (0 0 0) (0 0 0) (0 0 0) (0 0 0) (0 0 0) (0 0 0) (0 0 0)
(0 0 0) (0 0 0) (0 0 0) (0 0 0) (0 0 0) (0 0 0) (0 0 0) (0 0 0) (0 0 0) (0 0 0) (0 0 0) (0 0 0) (0 0 0) (0 0 0) (0 0 0) (0 0 0)
(0 0 0) (0 0 0) (0 0 0) (0 0 0) (0 0 0) (0 0 0) (0 0 0) (0 0 0) (0 0 0) (0 0 0) (0 0 0) (0 0 0) (0 0 0) (0 0 0) (0 0 0) (0 0 0)
(0 0 0) (0 0 0) (0 0 0) (0 0 0) (0 0 0) (0 0 0) (0 0 0) (0 0 0) (0 0 0) (0 0 0) (0 0 0) (0 0 0) (0 0 0) (0 0 0) (0 0 0) (0 0 0)
(0 0 0) (0 0 0) (0 0 0) (0 0 0) (0 0 0) (0 0 0) (0 0 0) (0 0 0) (0 0 0) (0 0 0) (0 0 0) (0 0 0) (0 0 0) (0 0 0) (0 0 0) (0 0 0)
(0 0 0) (0 0 0) (0 0 0) (0 0 0) (0 0 0) (0 0 0) (0 0 0) (0 0 0) (0 0 0) (0 0 0) (0 0 0) (0 0 0) (0 0 0) (0 0 0) (0 0 0) (0 0 0)
(0 0 0) (0 0 0) (0 0 0) (0 0 0) (0 0 0) (0 0 0) (0 0 0) (0 0 0) (0 0 0) (0 0 0) (0 0 0) (0 0 0) (0 0 0) (0 0 0) (0 0 0) (0 0 0)
(0 0 0) (0 0 0) (0 0 0) (0 0 0) (0 0 0) (0 0 0) (0 0 0) (0 0 0) (0 0 0) (0 0 0) (0 0 0) (0 0 0) (0 0 0) (0 0 0) (0 0 0) (0 0 0)
NIL
[9]> (setf map (init-random-array map))
#2A(((48 47 179) (197 249 20) (31 35 69) (245 112 197) (32 2 177) (9 114 164) (134 70 126) (4 179 83) (101 132 149) (255 162 66) (166 152 142) (154 251 103) (220 162 199) (48 27 174) (216 180 57)
     (204 22 49))
    ((252 71 9) (222 137 38) (83 114 224) (172 48 156) (92 216 250) (138 53 229) (169 100 0) (201 77 208) (43 183 149) (111 132 158) (74 92 177) (170 210 178) (182 193 175) (4 117 5) (0 228 39)
     (86 253 95))
    ((230 207 125) (126 38 71) (113 197 53) (207 104 181) (192 56 11) (76 79 141) (161 129 197) (147 138 203) (227 78 198) (153 197 124) (109 217 97) (26 54 115) (13 221 243) (205 248 184)
     (17 71 174) (90 26 191))
    ((150 175 53) (12 118 92) (163 133 235) (70 65 121) (244 10 11) (182 102 132) (149 4 119) (74 146 169) (53 48 79) (229 14 196) (55 118 72) (209 79 19) (136 222 185) (242 77 174) (51 69 116)
     (191 151 183))
    ((180 206 90) (241 34 80) (15 25 172) (248 228 79) (159 53 33) (48 35 179) (175 86 188) (215 141 212) (201 70 90) (188 7 93) (208 155 12) (183 69 249) (206 173 42) (220 29 207) (142 68 34)
     (110 154 175))
    ((232 20 20) (148 210 8) (222 233 30) (205 119 160) (107 162 119) (35 46 1) (21 222 61) (34 162 180) (71 119 13) (134 87 47) (96 177 87) (181 63 142) (137 49 110) (243 14 4) (74 175 97)
     (78 76 15))
    ((218 106 139) (94 45 110) (57 94 235) (174 35 211) (254 56 52) (247 47 86) (240 4 162) (17 251 175) (87 171 146) (169 168 35) (15 31 207) (179 103 57) (96 83 173) (157 201 53) (142 235 215)
     (72 213 64))
    ((50 183 231) (182 221 106) (70 224 185) (130 16 80) (2 223 127) (19 206 156) (105 49 147) (143 191 48) (160 203 15) (144 161 32) (4 78 30) (152 228 99) (250 250 15) (68 246 72) (132 98 45)
     (67 93 170))
    ((151 228 80) (4 137 227) (46 214 50) (49 102 128) (29 128 129) (223 179 184) (166 204 184) (129 21 156) (204 191 174) (160 234 14) (105 165 234) (76 221 115) (0 14 188) (80 61 40) (83 124 11)
     (39 12 180))
    ((179 216 238) (177 217 193) (25 168 252) (165 77 202) (248 2 99) (196 134 148) (208 62 185) (209 39 94) (129 109 149) (68 42 215) (101 141 220) (184 123 210) (27 120 219) (40 70 186)
     (34 160 25) (221 10 198))
    ((44 124 232) (37 116 237) (48 191 192) (195 237 151) (60 78 75) (41 239 23) (15 238 62) (103 27 219) (105 192 237) (225 11 96) (31 109 156) (195 231 231) (241 31 150) (52 184 232) (27 54 255)
     (76 127 73))
    ((172 183 104) (198 4 78) (153 130 38) (117 110 78) (143 75 98) (119 150 42) (139 69 239) (42 26 125) (42 157 222) (225 52 147) (193 173 210) (86 71 26) (43 236 20) (221 61 154) (100 167 101)
     (93 147 164))
    ((217 113 149) (255 47 204) (125 90 214) (162 248 88) (154 225 208) (21 35 180) (108 170 116) (3 77 172) (110 239 144) (172 76 87) (113 182 38) (88 196 212) (113 199 124) (138 124 183)
     (39 90 242) (247 109 64))
    ((93 147 150) (53 159 81) (3 174 120) (51 178 28) (5 249 189) (107 61 158) (218 133 117) (216 218 207) (219 155 44) (168 252 149) (88 239 64) (177 135 124) (107 150 248) (164 28 39)
     (138 184 80) (3 55 132))
    ((222 4 149) (210 250 194) (85 231 180) (15 198 2) (120 123 81) (226 142 207) (253 63 153) (148 234 78) (26 139 215) (64 237 52) (159 193 200) (74 182 123) (193 67 174) (146 199 211)
     (182 40 38) (104 24 217))
    ((5 173 184) (62 233 9) (154 108 50) (31 91 115) (155 78 180) (226 188 48) (252 64 138) (29 165 146) (212 167 188) (218 197 29) (108 147 102) (11 122 56) (27 182 200) (189 35 162) (212 19 27)
     (14 55 166)))
[10]> (print-array map)
(48 47 179) (197 249 20) (31 35 69) (245 112 197) (32 2 177) (9 114 164) (134 70 126) (4 179 83) (101 132 149) (255 162 66) (166 152 142) (154 251 103) (220 162 199) (48 27 174) (216 180 57) (204 22 49)
(252 71 9) (222 137 38) (83 114 224) (172 48 156) (92 216 250) (138 53 229) (169 100 0) (201 77 208) (43 183 149) (111 132 158) (74 92 177) (170 210 178) (182 193 175) (4 117 5) (0 228 39) (86 253 95)
(230 207 125) (126 38 71) (113 197 53) (207 104 181) (192 56 11) (76 79 141) (161 129 197) (147 138 203) (227 78 198) (153 197 124) (109 217 97) (26 54 115) (13 221 243) (205 248 184) (17 71 174) (90 26 191)
(150 175 53) (12 118 92) (163 133 235) (70 65 121) (244 10 11) (182 102 132) (149 4 119) (74 146 169) (53 48 79) (229 14 196) (55 118 72) (209 79 19) (136 222 185) (242 77 174) (51 69 116) (191 151 183)
(180 206 90) (241 34 80) (15 25 172) (248 228 79) (159 53 33) (48 35 179) (175 86 188) (215 141 212) (201 70 90) (188 7 93) (208 155 12) (183 69 249) (206 173 42) (220 29 207) (142 68 34) (110 154 175)
(232 20 20) (148 210 8) (222 233 30) (205 119 160) (107 162 119) (35 46 1) (21 222 61) (34 162 180) (71 119 13) (134 87 47) (96 177 87) (181 63 142) (137 49 110) (243 14 4) (74 175 97) (78 76 15)
(218 106 139) (94 45 110) (57 94 235) (174 35 211) (254 56 52) (247 47 86) (240 4 162) (17 251 175) (87 171 146) (169 168 35) (15 31 207) (179 103 57) (96 83 173) (157 201 53) (142 235 215) (72 213 64)
(50 183 231) (182 221 106) (70 224 185) (130 16 80) (2 223 127) (19 206 156) (105 49 147) (143 191 48) (160 203 15) (144 161 32) (4 78 30) (152 228 99) (250 250 15) (68 246 72) (132 98 45) (67 93 170)
(151 228 80) (4 137 227) (46 214 50) (49 102 128) (29 128 129) (223 179 184) (166 204 184) (129 21 156) (204 191 174) (160 234 14) (105 165 234) (76 221 115) (0 14 188) (80 61 40) (83 124 11) (39 12 180)
(179 216 238) (177 217 193) (25 168 252) (165 77 202) (248 2 99) (196 134 148) (208 62 185) (209 39 94) (129 109 149) (68 42 215) (101 141 220) (184 123 210) (27 120 219) (40 70 186) (34 160 25) (221 10 198)
(44 124 232) (37 116 237) (48 191 192) (195 237 151) (60 78 75) (41 239 23) (15 238 62) (103 27 219) (105 192 237) (225 11 96) (31 109 156) (195 231 231) (241 31 150) (52 184 232) (27 54 255) (76 127 73)
(172 183 104) (198 4 78) (153 130 38) (117 110 78) (143 75 98) (119 150 42) (139 69 239) (42 26 125) (42 157 222) (225 52 147) (193 173 210) (86 71 26) (43 236 20) (221 61 154) (100 167 101) (93 147 164)
(217 113 149) (255 47 204) (125 90 214) (162 248 88) (154 225 208) (21 35 180) (108 170 116) (3 77 172) (110 239 144) (172 76 87) (113 182 38) (88 196 212) (113 199 124) (138 124 183) (39 90 242) (247 109 64)
(93 147 150) (53 159 81) (3 174 120) (51 178 28) (5 249 189) (107 61 158) (218 133 117) (216 218 207) (219 155 44) (168 252 149) (88 239 64) (177 135 124) (107 150 248) (164 28 39) (138 184 80) (3 55 132)
(222 4 149) (210 250 194) (85 231 180) (15 198 2) (120 123 81) (226 142 207) (253 63 153) (148 234 78) (26 139 215) (64 237 52) (159 193 200) (74 182 123) (193 67 174) (146 199 211) (182 40 38) (104 24 217)
(5 173 184) (62 233 9) (154 108 50) (31 91 115) (155 78 180) (226 188 48) (252 64 138) (29 165 146) (212 167 188) (218 197 29) (108 147 102) (11 122 56) (27 182 200) (189 35 162) (212 19 27) (14 55 166)
NIL
[11]> (setf map (init-default-array 16))
#2A(((0 0 0) (0 0 0) (0 0 0) (0 0 0) (0 0 0) (0 0 0) (0 0 0) (0 0 0) (0 0 0) (0 0 0) (0 0 0) (0 0 0) (0 0 0) (0 0 0) (0 0 0) (0 0 0))
    ((0 0 0) (0 0 0) (0 0 0) (0 0 0) (0 0 0) (0 0 0) (0 0 0) (0 0 0) (0 0 0) (0 0 0) (0 0 0) (0 0 0) (0 0 0) (0 0 0) (0 0 0) (0 0 0))
    ((0 0 0) (0 0 0) (0 0 0) (0 0 0) (0 0 0) (0 0 0) (0 0 0) (0 0 0) (0 0 0) (0 0 0) (0 0 0) (0 0 0) (0 0 0) (0 0 0) (0 0 0) (0 0 0))
    ((0 0 0) (0 0 0) (0 0 0) (0 0 0) (0 0 0) (0 0 0) (0 0 0) (0 0 0) (0 0 0) (0 0 0) (0 0 0) (0 0 0) (0 0 0) (0 0 0) (0 0 0) (0 0 0))
    ((0 0 0) (0 0 0) (0 0 0) (0 0 0) (0 0 0) (0 0 0) (0 0 0) (0 0 0) (0 0 0) (0 0 0) (0 0 0) (0 0 0) (0 0 0) (0 0 0) (0 0 0) (0 0 0))
    ((0 0 0) (0 0 0) (0 0 0) (0 0 0) (0 0 0) (0 0 0) (0 0 0) (0 0 0) (0 0 0) (0 0 0) (0 0 0) (0 0 0) (0 0 0) (0 0 0) (0 0 0) (0 0 0))
    ((0 0 0) (0 0 0) (0 0 0) (0 0 0) (0 0 0) (0 0 0) (0 0 0) (0 0 0) (0 0 0) (0 0 0) (0 0 0) (0 0 0) (0 0 0) (0 0 0) (0 0 0) (0 0 0))
    ((0 0 0) (0 0 0) (0 0 0) (0 0 0) (0 0 0) (0 0 0) (0 0 0) (0 0 0) (0 0 0) (0 0 0) (0 0 0) (0 0 0) (0 0 0) (0 0 0) (0 0 0) (0 0 0))
    ((0 0 0) (0 0 0) (0 0 0) (0 0 0) (0 0 0) (0 0 0) (0 0 0) (0 0 0) (0 0 0) (0 0 0) (0 0 0) (0 0 0) (0 0 0) (0 0 0) (0 0 0) (0 0 0))
    ((0 0 0) (0 0 0) (0 0 0) (0 0 0) (0 0 0) (0 0 0) (0 0 0) (0 0 0) (0 0 0) (0 0 0) (0 0 0) (0 0 0) (0 0 0) (0 0 0) (0 0 0) (0 0 0))
    ((0 0 0) (0 0 0) (0 0 0) (0 0 0) (0 0 0) (0 0 0) (0 0 0) (0 0 0) (0 0 0) (0 0 0) (0 0 0) (0 0 0) (0 0 0) (0 0 0) (0 0 0) (0 0 0))
    ((0 0 0) (0 0 0) (0 0 0) (0 0 0) (0 0 0) (0 0 0) (0 0 0) (0 0 0) (0 0 0) (0 0 0) (0 0 0) (0 0 0) (0 0 0) (0 0 0) (0 0 0) (0 0 0))
    ((0 0 0) (0 0 0) (0 0 0) (0 0 0) (0 0 0) (0 0 0) (0 0 0) (0 0 0) (0 0 0) (0 0 0) (0 0 0) (0 0 0) (0 0 0) (0 0 0) (0 0 0) (0 0 0))
    ((0 0 0) (0 0 0) (0 0 0) (0 0 0) (0 0 0) (0 0 0) (0 0 0) (0 0 0) (0 0 0) (0 0 0) (0 0 0) (0 0 0) (0 0 0) (0 0 0) (0 0 0) (0 0 0))
    ((0 0 0) (0 0 0) (0 0 0) (0 0 0) (0 0 0) (0 0 0) (0 0 0) (0 0 0) (0 0 0) (0 0 0) (0 0 0) (0 0 0) (0 0 0) (0 0 0) (0 0 0) (0 0 0))
    ((0 0 0) (0 0 0) (0 0 0) (0 0 0) (0 0 0) (0 0 0) (0 0 0) (0 0 0) (0 0 0) (0 0 0) (0 0 0) (0 0 0) (0 0 0) (0 0 0) (0 0 0) (0 0 0)))
[12]> (setf map (init-corners-array map))
#2A(((0 0 0) (0 0 0.3125) (0 0 0.625) (0 0 0.9375) (0 0 1.25) (0 0 1.5625) (0 0 1.875) (0 0 2.1875) (0 0 2.5) (0 0 2.8125) (0 0 3.125) (0 0 3.4375) (0 0 3.75) (0 0 4.0625) (0 0 4.375)
     (0 0 4.6875))
    ((0.3125 0 0) (0.29296875 0.01953125 0.29296875) (0.2734375 0.0390625 0.5859375) (0.25390625 0.05859375 0.87890625) (0.234375 0.078125 1.171875) (0.21484375 0.09765625 1.4648438)
     (0.1953125 0.1171875 1.7578125) (0.17578125 0.13671875 2.0507813) (0.15625 0.15625 2.34375) (0.13671875 0.17578125 2.6367188) (0.1171875 0.1953125 2.9296875) (0.09765625 0.21484375 3.2226563)
     (0.078125 0.234375 3.515625) (0.05859375 0.25390625 3.8085938) (0.0390625 0.2734375 4.1015625) (0.01953125 0.29296875 4.3945313))
    ((0.625 0 0) (0.5859375 0.0390625 0.2734375) (0.546875 0.078125 0.546875) (0.5078125 0.1171875 0.8203125) (0.46875 0.15625 1.09375) (0.4296875 0.1953125 1.3671875) (0.390625 0.234375 1.640625)
     (0.3515625 0.2734375 1.9140625) (0.3125 0.3125 2.1875) (0.2734375 0.3515625 2.4609375) (0.234375 0.390625 2.734375) (0.1953125 0.4296875 3.0078125) (0.15625 0.46875 3.28125)
     (0.1171875 0.5078125 3.5546875) (0.078125 0.546875 3.828125) (0.0390625 0.5859375 4.1015625))
    ((0.9375 0 0) (0.87890625 0.05859375 0.25390625) (0.8203125 0.1171875 0.5078125) (0.76171875 0.17578125 0.76171875) (0.703125 0.234375 1.015625) (0.64453125 0.29296875 1.2695313)
     (0.5859375 0.3515625 1.5234375) (0.52734375 0.41015625 1.7773438) (0.46875 0.46875 2.03125) (0.41015625 0.52734375 2.2851563) (0.3515625 0.5859375 2.5390625) (0.29296875 0.64453125 2.7929688)
     (0.234375 0.703125 3.046875) (0.17578125 0.76171875 3.3007813) (0.1171875 0.8203125 3.5546875) (0.05859375 0.87890625 3.8085938))
    ((1.25 0 0) (1.171875 0.078125 0.234375) (1.09375 0.15625 0.46875) (1.015625 0.234375 0.703125) (0.9375 0.3125 0.9375) (0.859375 0.390625 1.171875) (0.78125 0.46875 1.40625)
     (0.703125 0.546875 1.640625) (0.625 0.625 1.875) (0.546875 0.703125 2.109375) (0.46875 0.78125 2.34375) (0.390625 0.859375 2.578125) (0.3125 0.9375 2.8125) (0.234375 1.015625 3.046875)
     (0.15625 1.09375 3.28125) (0.078125 1.171875 3.515625))
    ((1.5625 0 0) (1.4648438 0.09765625 0.21484375) (1.3671875 0.1953125 0.4296875) (1.2695313 0.29296875 0.64453125) (1.171875 0.390625 0.859375) (1.0742188 0.48828125 1.0742188)
     (0.9765625 0.5859375 1.2890625) (0.87890625 0.68359375 1.5039063) (0.78125 0.78125 1.71875) (0.68359375 0.87890625 1.9335938) (0.5859375 0.9765625 2.1484375) (0.48828125 1.0742188 2.3632813)
     (0.390625 1.171875 2.578125) (0.29296875 1.2695313 2.7929688) (0.1953125 1.3671875 3.0078125) (0.09765625 1.4648438 3.2226563))
    ((1.875 0 0) (1.7578125 0.1171875 0.1953125) (1.640625 0.234375 0.390625) (1.5234375 0.3515625 0.5859375) (1.40625 0.46875 0.78125) (1.2890625 0.5859375 0.9765625) (1.171875 0.703125 1.171875)
     (1.0546875 0.8203125 1.3671875) (0.9375 0.9375 1.5625) (0.8203125 1.0546875 1.7578125) (0.703125 1.171875 1.953125) (0.5859375 1.2890625 2.1484375) (0.46875 1.40625 2.34375)
     (0.3515625 1.5234375 2.5390625) (0.234375 1.640625 2.734375) (0.1171875 1.7578125 2.9296875))
    ((2.1875 0 0) (2.0507813 0.13671875 0.17578125) (1.9140625 0.2734375 0.3515625) (1.7773438 0.41015625 0.52734375) (1.640625 0.546875 0.703125) (1.5039063 0.68359375 0.87890625)
     (1.3671875 0.8203125 1.0546875) (1.2304688 0.95703125 1.2304688) (1.09375 1.09375 1.40625) (0.95703125 1.2304688 1.5820313) (0.8203125 1.3671875 1.7578125) (0.68359375 1.5039063 1.9335938)
     (0.546875 1.640625 2.109375) (0.41015625 1.7773438 2.2851563) (0.2734375 1.9140625 2.4609375) (0.13671875 2.0507813 2.6367188))
    ((2.5 0 0) (2.34375 0.15625 0.15625) (2.1875 0.3125 0.3125) (2.03125 0.46875 0.46875) (1.875 0.625 0.625) (1.71875 0.78125 0.78125) (1.5625 0.9375 0.9375) (1.40625 1.09375 1.09375)
     (1.25 1.25 1.25) (1.09375 1.40625 1.40625) (0.9375 1.5625 1.5625) (0.78125 1.71875 1.71875) (0.625 1.875 1.875) (0.46875 2.03125 2.03125) (0.3125 2.1875 2.1875) (0.15625 2.34375 2.34375))
    ((2.8125 0 0) (2.6367188 0.17578125 0.13671875) (2.4609375 0.3515625 0.2734375) (2.2851563 0.52734375 0.41015625) (2.109375 0.703125 0.546875) (1.9335938 0.87890625 0.68359375)
     (1.7578125 1.0546875 0.8203125) (1.5820313 1.2304688 0.95703125) (1.40625 1.40625 1.09375) (1.2304688 1.5820313 1.2304688) (1.0546875 1.7578125 1.3671875) (0.87890625 1.9335938 1.5039063)
     (0.703125 2.109375 1.640625) (0.52734375 2.2851563 1.7773438) (0.3515625 2.4609375 1.9140625) (0.17578125 2.6367188 2.0507813))
    ((3.125 0 0) (2.9296875 0.1953125 0.1171875) (2.734375 0.390625 0.234375) (2.5390625 0.5859375 0.3515625) (2.34375 0.78125 0.46875) (2.1484375 0.9765625 0.5859375) (1.953125 1.171875 0.703125)
     (1.7578125 1.3671875 0.8203125) (1.5625 1.5625 0.9375) (1.3671875 1.7578125 1.0546875) (1.171875 1.953125 1.171875) (0.9765625 2.1484375 1.2890625) (0.78125 2.34375 1.40625)
     (0.5859375 2.5390625 1.5234375) (0.390625 2.734375 1.640625) (0.1953125 2.9296875 1.7578125))
    ((3.4375 0 0) (3.2226563 0.21484375 0.09765625) (3.0078125 0.4296875 0.1953125) (2.7929688 0.64453125 0.29296875) (2.578125 0.859375 0.390625) (2.3632813 1.0742188 0.48828125)
     (2.1484375 1.2890625 0.5859375) (1.9335938 1.5039063 0.68359375) (1.71875 1.71875 0.78125) (1.5039063 1.9335938 0.87890625) (1.2890625 2.1484375 0.9765625) (1.0742188 2.3632813 1.0742188)
     (0.859375 2.578125 1.171875) (0.64453125 2.7929688 1.2695313) (0.4296875 3.0078125 1.3671875) (0.21484375 3.2226563 1.4648438))
    ((3.75 0 0) (3.515625 0.234375 0.078125) (3.28125 0.46875 0.15625) (3.046875 0.703125 0.234375) (2.8125 0.9375 0.3125) (2.578125 1.171875 0.390625) (2.34375 1.40625 0.46875)
     (2.109375 1.640625 0.546875) (1.875 1.875 0.625) (1.640625 2.109375 0.703125) (1.40625 2.34375 0.78125) (1.171875 2.578125 0.859375) (0.9375 2.8125 0.9375) (0.703125 3.046875 1.015625)
     (0.46875 3.28125 1.09375) (0.234375 3.515625 1.171875))
    ((4.0625 0 0) (3.8085938 0.25390625 0.05859375) (3.5546875 0.5078125 0.1171875) (3.3007813 0.76171875 0.17578125) (3.046875 1.015625 0.234375) (2.7929688 1.2695313 0.29296875)
     (2.5390625 1.5234375 0.3515625) (2.2851563 1.7773438 0.41015625) (2.03125 2.03125 0.46875) (1.7773438 2.2851563 0.52734375) (1.5234375 2.5390625 0.5859375) (1.2695313 2.7929688 0.64453125)
     (1.015625 3.046875 0.703125) (0.76171875 3.3007813 0.76171875) (0.5078125 3.5546875 0.8203125) (0.25390625 3.8085938 0.87890625))
    ((4.375 0 0) (4.1015625 0.2734375 0.0390625) (3.828125 0.546875 0.078125) (3.5546875 0.8203125 0.1171875) (3.28125 1.09375 0.15625) (3.0078125 1.3671875 0.1953125) (2.734375 1.640625 0.234375)
     (2.4609375 1.9140625 0.2734375) (2.1875 2.1875 0.3125) (1.9140625 2.4609375 0.3515625) (1.640625 2.734375 0.390625) (1.3671875 3.0078125 0.4296875) (1.09375 3.28125 0.46875)
     (0.8203125 3.5546875 0.5078125) (0.546875 3.828125 0.546875) (0.2734375 4.1015625 0.5859375))
    ((4.6875 0 0) (4.3945313 0.29296875 0.01953125) (4.1015625 0.5859375 0.0390625) (3.8085938 0.87890625 0.05859375) (3.515625 1.171875 0.078125) (3.2226563 1.4648438 0.09765625)
     (2.9296875 1.7578125 0.1171875) (2.6367188 2.0507813 0.13671875) (2.34375 2.34375 0.15625) (2.0507813 2.6367188 0.17578125) (1.7578125 2.9296875 0.1953125) (1.4648438 3.2226563 0.21484375)
     (1.171875 3.515625 0.234375) (0.87890625 3.8085938 0.25390625) (0.5859375 4.1015625 0.2734375) (0.29296875 4.3945313 0.29296875)))
[13]> (print-array map)
(0 0 0) (0 0 0.3125) (0 0 0.625) (0 0 0.9375) (0 0 1.25) (0 0 1.5625) (0 0 1.875) (0 0 2.1875) (0 0 2.5) (0 0 2.8125) (0 0 3.125) (0 0 3.4375) (0 0 3.75) (0 0 4.0625) (0 0 4.375) (0 0 4.6875)
(0.3125 0 0) (0.29296875 0.01953125 0.29296875) (0.2734375 0.0390625 0.5859375) (0.25390625 0.05859375 0.87890625) (0.234375 0.078125 1.171875) (0.21484375 0.09765625 1.4648438) (0.1953125 0.1171875 1.7578125) (0.17578125 0.13671875 2.0507813) (0.15625 0.15625 2.34375) (0.13671875 0.17578125 2.6367188) (0.1171875 0.1953125 2.9296875) (0.09765625 0.21484375 3.2226563) (0.078125 0.234375 3.515625) (0.05859375 0.25390625 3.8085938) (0.0390625 0.2734375 4.1015625) (0.01953125 0.29296875 4.3945313)
(0.625 0 0) (0.5859375 0.0390625 0.2734375) (0.546875 0.078125 0.546875) (0.5078125 0.1171875 0.8203125) (0.46875 0.15625 1.09375) (0.4296875 0.1953125 1.3671875) (0.390625 0.234375 1.640625) (0.3515625 0.2734375 1.9140625) (0.3125 0.3125 2.1875) (0.2734375 0.3515625 2.4609375) (0.234375 0.390625 2.734375) (0.1953125 0.4296875 3.0078125) (0.15625 0.46875 3.28125) (0.1171875 0.5078125 3.5546875) (0.078125 0.546875 3.828125) (0.0390625 0.5859375 4.1015625)
(0.9375 0 0) (0.87890625 0.05859375 0.25390625) (0.8203125 0.1171875 0.5078125) (0.76171875 0.17578125 0.76171875) (0.703125 0.234375 1.015625) (0.64453125 0.29296875 1.2695313) (0.5859375 0.3515625 1.5234375) (0.52734375 0.41015625 1.7773438) (0.46875 0.46875 2.03125) (0.41015625 0.52734375 2.2851563) (0.3515625 0.5859375 2.5390625) (0.29296875 0.64453125 2.7929688) (0.234375 0.703125 3.046875) (0.17578125 0.76171875 3.3007813) (0.1171875 0.8203125 3.5546875) (0.05859375 0.87890625 3.8085938)
(1.25 0 0) (1.171875 0.078125 0.234375) (1.09375 0.15625 0.46875) (1.015625 0.234375 0.703125) (0.9375 0.3125 0.9375) (0.859375 0.390625 1.171875) (0.78125 0.46875 1.40625) (0.703125 0.546875 1.640625) (0.625 0.625 1.875) (0.546875 0.703125 2.109375) (0.46875 0.78125 2.34375) (0.390625 0.859375 2.578125) (0.3125 0.9375 2.8125) (0.234375 1.015625 3.046875) (0.15625 1.09375 3.28125) (0.078125 1.171875 3.515625)
(1.5625 0 0) (1.4648438 0.09765625 0.21484375) (1.3671875 0.1953125 0.4296875) (1.2695313 0.29296875 0.64453125) (1.171875 0.390625 0.859375) (1.0742188 0.48828125 1.0742188) (0.9765625 0.5859375 1.2890625) (0.87890625 0.68359375 1.5039063) (0.78125 0.78125 1.71875) (0.68359375 0.87890625 1.9335938) (0.5859375 0.9765625 2.1484375) (0.48828125 1.0742188 2.3632813) (0.390625 1.171875 2.578125) (0.29296875 1.2695313 2.7929688) (0.1953125 1.3671875 3.0078125) (0.09765625 1.4648438 3.2226563)
(1.875 0 0) (1.7578125 0.1171875 0.1953125) (1.640625 0.234375 0.390625) (1.5234375 0.3515625 0.5859375) (1.40625 0.46875 0.78125) (1.2890625 0.5859375 0.9765625) (1.171875 0.703125 1.171875) (1.0546875 0.8203125 1.3671875) (0.9375 0.9375 1.5625) (0.8203125 1.0546875 1.7578125) (0.703125 1.171875 1.953125) (0.5859375 1.2890625 2.1484375) (0.46875 1.40625 2.34375) (0.3515625 1.5234375 2.5390625) (0.234375 1.640625 2.734375) (0.1171875 1.7578125 2.9296875)
(2.1875 0 0) (2.0507813 0.13671875 0.17578125) (1.9140625 0.2734375 0.3515625) (1.7773438 0.41015625 0.52734375) (1.640625 0.546875 0.703125) (1.5039063 0.68359375 0.87890625) (1.3671875 0.8203125 1.0546875) (1.2304688 0.95703125 1.2304688) (1.09375 1.09375 1.40625) (0.95703125 1.2304688 1.5820313) (0.8203125 1.3671875 1.7578125) (0.68359375 1.5039063 1.9335938) (0.546875 1.640625 2.109375) (0.41015625 1.7773438 2.2851563) (0.2734375 1.9140625 2.4609375) (0.13671875 2.0507813 2.6367188)
(2.5 0 0) (2.34375 0.15625 0.15625) (2.1875 0.3125 0.3125) (2.03125 0.46875 0.46875) (1.875 0.625 0.625) (1.71875 0.78125 0.78125) (1.5625 0.9375 0.9375) (1.40625 1.09375 1.09375) (1.25 1.25 1.25) (1.09375 1.40625 1.40625) (0.9375 1.5625 1.5625) (0.78125 1.71875 1.71875) (0.625 1.875 1.875) (0.46875 2.03125 2.03125) (0.3125 2.1875 2.1875) (0.15625 2.34375 2.34375)
(2.8125 0 0) (2.6367188 0.17578125 0.13671875) (2.4609375 0.3515625 0.2734375) (2.2851563 0.52734375 0.41015625) (2.109375 0.703125 0.546875) (1.9335938 0.87890625 0.68359375) (1.7578125 1.0546875 0.8203125) (1.5820313 1.2304688 0.95703125) (1.40625 1.40625 1.09375) (1.2304688 1.5820313 1.2304688) (1.0546875 1.7578125 1.3671875) (0.87890625 1.9335938 1.5039063) (0.703125 2.109375 1.640625) (0.52734375 2.2851563 1.7773438) (0.3515625 2.4609375 1.9140625) (0.17578125 2.6367188 2.0507813)
(3.125 0 0) (2.9296875 0.1953125 0.1171875) (2.734375 0.390625 0.234375) (2.5390625 0.5859375 0.3515625) (2.34375 0.78125 0.46875) (2.1484375 0.9765625 0.5859375) (1.953125 1.171875 0.703125) (1.7578125 1.3671875 0.8203125) (1.5625 1.5625 0.9375) (1.3671875 1.7578125 1.0546875) (1.171875 1.953125 1.171875) (0.9765625 2.1484375 1.2890625) (0.78125 2.34375 1.40625) (0.5859375 2.5390625 1.5234375) (0.390625 2.734375 1.640625) (0.1953125 2.9296875 1.7578125)
(3.4375 0 0) (3.2226563 0.21484375 0.09765625) (3.0078125 0.4296875 0.1953125) (2.7929688 0.64453125 0.29296875) (2.578125 0.859375 0.390625) (2.3632813 1.0742188 0.48828125) (2.1484375 1.2890625 0.5859375) (1.9335938 1.5039063 0.68359375) (1.71875 1.71875 0.78125) (1.5039063 1.9335938 0.87890625) (1.2890625 2.1484375 0.9765625) (1.0742188 2.3632813 1.0742188) (0.859375 2.578125 1.171875) (0.64453125 2.7929688 1.2695313) (0.4296875 3.0078125 1.3671875) (0.21484375 3.2226563 1.4648438)
(3.75 0 0) (3.515625 0.234375 0.078125) (3.28125 0.46875 0.15625) (3.046875 0.703125 0.234375) (2.8125 0.9375 0.3125) (2.578125 1.171875 0.390625) (2.34375 1.40625 0.46875) (2.109375 1.640625 0.546875) (1.875 1.875 0.625) (1.640625 2.109375 0.703125) (1.40625 2.34375 0.78125) (1.171875 2.578125 0.859375) (0.9375 2.8125 0.9375) (0.703125 3.046875 1.015625) (0.46875 3.28125 1.09375) (0.234375 3.515625 1.171875)
(4.0625 0 0) (3.8085938 0.25390625 0.05859375) (3.5546875 0.5078125 0.1171875) (3.3007813 0.76171875 0.17578125) (3.046875 1.015625 0.234375) (2.7929688 1.2695313 0.29296875) (2.5390625 1.5234375 0.3515625) (2.2851563 1.7773438 0.41015625) (2.03125 2.03125 0.46875) (1.7773438 2.2851563 0.52734375) (1.5234375 2.5390625 0.5859375) (1.2695313 2.7929688 0.64453125) (1.015625 3.046875 0.703125) (0.76171875 3.3007813 0.76171875) (0.5078125 3.5546875 0.8203125) (0.25390625 3.8085938 0.87890625)
(4.375 0 0) (4.1015625 0.2734375 0.0390625) (3.828125 0.546875 0.078125) (3.5546875 0.8203125 0.1171875) (3.28125 1.09375 0.15625) (3.0078125 1.3671875 0.1953125) (2.734375 1.640625 0.234375) (2.4609375 1.9140625 0.2734375) (2.1875 2.1875 0.3125) (1.9140625 2.4609375 0.3515625) (1.640625 2.734375 0.390625) (1.3671875 3.0078125 0.4296875) (1.09375 3.28125 0.46875) (0.8203125 3.5546875 0.5078125) (0.546875 3.828125 0.546875) (0.2734375 4.1015625 0.5859375)
(4.6875 0 0) (4.3945313 0.29296875 0.01953125) (4.1015625 0.5859375 0.0390625) (3.8085938 0.87890625 0.05859375) (3.515625 1.171875 0.078125) (3.2226563 1.4648438 0.09765625) (2.9296875 1.7578125 0.1171875) (2.6367188 2.0507813 0.13671875) (2.34375 2.34375 0.15625) (2.0507813 2.6367188 0.17578125) (1.7578125 2.9296875 0.1953125) (1.4648438 3.2226563 0.21484375) (1.171875 3.515625 0.234375) (0.87890625 3.8085938 0.25390625) (0.5859375 4.1015625 0.2734375) (0.29296875 4.3945313 0.29296875)
NIL
[14]> (setf map (init-default-array 16))
#2A(((0 0 0) (0 0 0) (0 0 0) (0 0 0) (0 0 0) (0 0 0) (0 0 0) (0 0 0) (0 0 0) (0 0 0) (0 0 0) (0 0 0) (0 0 0) (0 0 0) (0 0 0) (0 0 0))
    ((0 0 0) (0 0 0) (0 0 0) (0 0 0) (0 0 0) (0 0 0) (0 0 0) (0 0 0) (0 0 0) (0 0 0) (0 0 0) (0 0 0) (0 0 0) (0 0 0) (0 0 0) (0 0 0))
    ((0 0 0) (0 0 0) (0 0 0) (0 0 0) (0 0 0) (0 0 0) (0 0 0) (0 0 0) (0 0 0) (0 0 0) (0 0 0) (0 0 0) (0 0 0) (0 0 0) (0 0 0) (0 0 0))
    ((0 0 0) (0 0 0) (0 0 0) (0 0 0) (0 0 0) (0 0 0) (0 0 0) (0 0 0) (0 0 0) (0 0 0) (0 0 0) (0 0 0) (0 0 0) (0 0 0) (0 0 0) (0 0 0))
    ((0 0 0) (0 0 0) (0 0 0) (0 0 0) (0 0 0) (0 0 0) (0 0 0) (0 0 0) (0 0 0) (0 0 0) (0 0 0) (0 0 0) (0 0 0) (0 0 0) (0 0 0) (0 0 0))
    ((0 0 0) (0 0 0) (0 0 0) (0 0 0) (0 0 0) (0 0 0) (0 0 0) (0 0 0) (0 0 0) (0 0 0) (0 0 0) (0 0 0) (0 0 0) (0 0 0) (0 0 0) (0 0 0))
    ((0 0 0) (0 0 0) (0 0 0) (0 0 0) (0 0 0) (0 0 0) (0 0 0) (0 0 0) (0 0 0) (0 0 0) (0 0 0) (0 0 0) (0 0 0) (0 0 0) (0 0 0) (0 0 0))
    ((0 0 0) (0 0 0) (0 0 0) (0 0 0) (0 0 0) (0 0 0) (0 0 0) (0 0 0) (0 0 0) (0 0 0) (0 0 0) (0 0 0) (0 0 0) (0 0 0) (0 0 0) (0 0 0))
    ((0 0 0) (0 0 0) (0 0 0) (0 0 0) (0 0 0) (0 0 0) (0 0 0) (0 0 0) (0 0 0) (0 0 0) (0 0 0) (0 0 0) (0 0 0) (0 0 0) (0 0 0) (0 0 0))
    ((0 0 0) (0 0 0) (0 0 0) (0 0 0) (0 0 0) (0 0 0) (0 0 0) (0 0 0) (0 0 0) (0 0 0) (0 0 0) (0 0 0) (0 0 0) (0 0 0) (0 0 0) (0 0 0))
    ((0 0 0) (0 0 0) (0 0 0) (0 0 0) (0 0 0) (0 0 0) (0 0 0) (0 0 0) (0 0 0) (0 0 0) (0 0 0) (0 0 0) (0 0 0) (0 0 0) (0 0 0) (0 0 0))
    ((0 0 0) (0 0 0) (0 0 0) (0 0 0) (0 0 0) (0 0 0) (0 0 0) (0 0 0) (0 0 0) (0 0 0) (0 0 0) (0 0 0) (0 0 0) (0 0 0) (0 0 0) (0 0 0))
    ((0 0 0) (0 0 0) (0 0 0) (0 0 0) (0 0 0) (0 0 0) (0 0 0) (0 0 0) (0 0 0) (0 0 0) (0 0 0) (0 0 0) (0 0 0) (0 0 0) (0 0 0) (0 0 0))
    ((0 0 0) (0 0 0) (0 0 0) (0 0 0) (0 0 0) (0 0 0) (0 0 0) (0 0 0) (0 0 0) (0 0 0) (0 0 0) (0 0 0) (0 0 0) (0 0 0) (0 0 0) (0 0 0))
    ((0 0 0) (0 0 0) (0 0 0) (0 0 0) (0 0 0) (0 0 0) (0 0 0) (0 0 0) (0 0 0) (0 0 0) (0 0 0) (0 0 0) (0 0 0) (0 0 0) (0 0 0) (0 0 0))
    ((0 0 0) (0 0 0) (0 0 0) (0 0 0) (0 0 0) (0 0 0) (0 0 0) (0 0 0) (0 0 0) (0 0 0) (0 0 0) (0 0 0) (0 0 0) (0 0 0) (0 0 0) (0 0 0)))
[15]> (setf map (init-equidistant-circles-array map))
#2A(((3.1868873 1.6620531 2.8592098) (3.0698256 1.5389249 2.665402) (2.9646354 1.4393803 2.4761481) (2.8726215 1.368575 2.2925768) (2.7950852 1.3311031 2.1161675) (2.733259 1.3297856 1.9488655)
     (2.688227 1.3647271 1.7932218) (2.6608417 1.4332784 1.6525341) (2.6516507 1.5309311 1.530931) (2.6608417 1.6525344 1.4332783) (2.688227 1.7932221 1.364727) (2.733259 1.9488655 1.3297855)
     (2.7950852 2.1161678 1.331103) (2.8726215 2.292577 1.3685747) (2.9646354 2.4761484 1.43938) (3.0698256 2.665402 1.5389248))
    ((3.005529 1.4917477 2.7636878) (2.8811078 1.3532113 2.5626662) (2.7687573 1.2388326 2.3652062) (2.6700013 1.1558063 2.1722798) (2.586398 1.1111823 1.9852092) (2.5194557 1.1096038 1.8058149)
     (2.4705296 1.1512475 1.6366233) (2.4407032 1.2317377 1.4811347) (2.4306798 1.3441135 1.3441132) (2.4407032 1.4811349 1.2317375) (2.4705296 1.6366234 1.1512474) (2.5194557 1.8058149 1.1096035)
     (2.586398 1.9852092 1.1111821) (2.6700013 2.17228 1.1558061) (2.7687573 2.3652062 1.2388324) (2.8811078 2.5626664 1.353211))
    ((2.829808 1.33636 2.6830053) (2.6972933 1.179715 2.4754403) (2.576941 1.0465434 2.2704067) (2.4705296 0.94680244 2.0686584) (2.3799293 0.8917808 1.871257) (2.3070037 0.88981307 1.6797363)
     (2.2534697 0.94123214 1.4963562) (2.2207298 1.0381352 1.3245025) (2.209709 1.169268 1.1692679) (2.2207298 1.3245026 1.038135) (2.2534697 1.4963564 0.9412319) (2.3070037 1.6797364 0.8898128)
     (2.3799293 1.871257 0.89178056) (2.4705296 2.0686584 0.94680226) (2.576941 2.270407 1.0465432) (2.6972933 2.4754403 1.1797148))
    ((2.6608417 1.201691 2.618534) (2.5194557 1.0246612 2.4054122) (2.3901656 0.8680185 2.1938436) (2.2750344 0.7447402 1.984326) (2.1763108 0.67340624 1.7775841) (2.0963137 0.67079824 1.5747118)
     (2.0372508 0.7376455 1.3774198) (2.0009766 0.85786235 1.1884906) (1.988738 1.0126158 1.0126157) (2.0009766 1.1884907 0.8578622) (2.0372508 1.37742 0.73764527) (2.0963137 1.5747119 0.670798)
     (2.1763108 1.7775843 0.67340606) (2.2750344 1.9843262 0.74473995) (2.3901656 2.1938438 0.8680183) (2.5194557 2.4054122 1.0246611))
    ((2.5 1.0954089 2.5714939) (2.3489528 0.897658 2.354117) (2.209709 0.71366346 2.1374774) (2.084635 0.55722284 1.9218246) (1.9764237 0.45753178 1.7075318) (1.8879759 0.4536845 1.4951845)
     (1.8221725 0.5477045 1.2857469) (1.7815242 0.70127535 1.0809113) (1.7677671 0.88388354 0.8838834) (1.7815242 1.0809114 0.70127517) (1.8221725 1.2857469 0.54770434)
     (1.8879759 1.4951847 0.4536843) (1.9764237 1.7075318 0.45753157) (2.084635 1.9218246 0.5572226) (2.209709 2.1374776 0.7136633) (2.3489528 2.354117 0.8976579))
    ((2.3489528 1.0263704 2.542852) (2.1875002 0.8119763 2.3227963) (2.0372508 0.60235465 2.1029327) (1.9008634 0.40498504 1.8833282) (1.7815242 0.25070086 1.6640856)
     (1.6828641 0.2436088 1.4453692) (1.6086923 0.39178544 1.2274611) (1.5625001 0.5876246 1.0108832) (1.5467962 0.7967219 0.7967218) (1.5625001 1.0108833 0.5876245)
     (1.6086923 1.2274611 0.3917853) (1.6828641 1.4453694 0.2436086) (1.7815242 1.6640856 0.25070068) (1.9008634 1.8833282 0.4049849) (2.0372508 2.1029327 0.6023545)
     (2.1875002 2.3227963 0.81197625))
    ((2.209709 1.0023015 2.5332327) (2.0372508 0.7813305 2.3122618) (1.875 0.56035966 2.091291) (1.7258378 0.3393888 1.8703201) (1.5934436 0.1184179 1.6493492) (1.4823177 0.10255298 1.4283782)
     (1.3975426 0.32352388 1.2074074) (1.3441135 0.54449475 0.9864365) (1.3258253 0.7654656 0.7654656) (1.3441135 0.9864365 0.54449475) (1.3975426 1.2074074 0.32352388)
     (1.4823177 1.4283782 0.10255298) (1.5934436 1.6493492 0.1184179) (1.7258378 1.8703201 0.3393888) (1.875 2.091291 0.56035966) (2.0372508 2.3122618 0.7813305))
    ((2.084635 1.0263704 2.542852) (1.9008634 0.8119763 2.3227963) (1.7258378 0.60235465 2.1029327) (1.5625001 0.40498504 1.8833282) (1.414904 0.25070086 1.6640856) (1.2884705 0.2436088 1.4453695)
     (1.1899647 0.39178544 1.2274612) (1.1267349 0.5876246 1.0108833) (1.1048545 0.7967219 0.79672194) (1.1267349 1.0108833 0.58762467) (1.1899647 1.2274611 0.39178553)
     (1.2884705 1.4453694 0.24360898) (1.414904 1.6640856 0.25070107) (1.5625001 1.8833282 0.40498513) (1.7258378 2.1029327 0.6023547) (1.9008634 2.3227963 0.8119764))
    ((1.9764237 1.0954089 2.5714939) (1.7815242 0.897658 2.3541172) (1.5934436 0.71366346 2.1374776) (1.414904 0.55722284 1.9218246) (1.25 0.45753178 1.7075319) (1.1048545 0.4536845 1.4951847)
     (0.98821187 0.5477045 1.285747) (0.91108626 0.70127535 1.0809115) (0.88388354 0.88388354 0.88388366) (0.91108626 1.0809114 0.70127547) (0.98821187 1.2857469 0.54770464)
     (1.1048545 1.4951847 0.45368472) (1.25 1.7075318 0.457532) (1.414904 1.9218246 0.55722296) (1.5934436 2.1374776 0.7136636) (1.7815242 2.354117 0.89765805))
    ((1.8879759 1.201691 2.618534) (1.6828641 1.0246612 2.4054122) (1.4823177 0.8680185 2.1938438) (1.2884705 0.7447402 1.9843262) (1.1048545 0.67340624 1.7775843) (0.9375 0.67079824 1.5747119)
     (0.7967218 0.7376455 1.3774201) (0.6987713 0.85786235 1.1884909) (0.66291267 1.0126158 1.012616) (0.6987713 1.1884907 0.8578625) (0.7967218 1.37742 0.7376456) (0.9375 1.5747119 0.6707984)
     (1.1048545 1.7775843 0.6734064) (1.2884705 1.9843262 0.7447403) (1.4823177 2.1938438 0.8680187) (1.6828641 2.4054122 1.0246614))
    ((1.8221725 1.33636 2.6830053) (1.6086923 1.179715 2.4754405) (1.3975426 1.0465434 2.270407) (1.1899647 0.94680244 2.0686586) (0.98821187 0.8917808 1.8712572) (0.7967218 0.88981307 1.6797365)
     (0.625 0.94123214 1.4963566) (0.49410594 1.0381352 1.3245027) (0.44194177 1.169268 1.1692681) (0.49410594 1.3245026 1.0381353) (0.625 1.4963564 0.9412322) (0.7967218 1.6797364 0.8898133)
     (0.98821187 1.871257 0.89178103) (1.1899647 2.0686584 0.9468027) (1.3975426 2.270407 1.0465436) (1.6086923 2.4754403 1.1797152))
    ((1.7815242 1.4917477 2.763688) (1.5625001 1.3532113 2.5626664) (1.3441135 1.2388326 2.3652065) (1.1267349 1.1558063 2.17228) (0.91108626 1.1111823 1.9852095) (0.6987713 1.1096038 1.8058151)
     (0.49410594 1.1512475 1.6366235) (0.3125 1.2317377 1.481135) (0.22097088 1.3441135 1.3441137) (0.3125 1.4811349 1.231738) (0.49410594 1.6366234 1.1512477) (0.6987713 1.8058149 1.1096039)
     (0.91108626 1.9852092 1.1111826) (1.1267349 2.17228 1.1558064) (1.3441135 2.3652062 1.2388328) (1.5625001 2.5626664 1.3532115))
    ((1.7677671 1.6620531 2.85921) (1.5467962 1.5389249 2.665402) (1.3258253 1.4393803 2.4761484) (1.1048545 1.368575 2.2925773) (0.88388354 1.3311031 2.1161678) (0.66291267 1.3297856 1.9488658)
     (0.44194177 1.3647271 1.7932223) (0.22097088 1.4332784 1.6525345) (0.0 1.5309311 1.5309314) (0.22097088 1.6525344 1.4332787) (0.44194177 1.7932221 1.3647274) (0.66291267 1.9488655 1.3297858)
     (0.88388354 2.1161678 1.3311033) (1.1048545 2.292577 1.3685752) (1.3258253 2.4761484 1.4393805) (1.5467962 2.665402 1.5389252))
    ((1.7815242 1.8431458 2.9681387) (1.5625001 1.7329327 2.78193) (1.3441135 1.645169 2.6011684) (1.1267349 1.5835918 2.4270716) (0.91108626 1.5513225 2.2611792) (0.6987713 1.550192 2.1054318)
     (0.49410594 1.5802678 1.9622465) (0.3125 1.6398331 1.8345671) (0.22097088 1.7258378 1.725838) (0.3125 1.8345668 1.6398335) (0.49410594 1.9622463 1.5802679) (0.6987713 2.1054316 1.5501922)
     (0.91108626 2.2611792 1.5513227) (1.1267349 2.4270713 1.583592) (1.3441135 2.6011682 1.6451694) (1.5625001 2.78193 1.7329329))
    ((1.8221725 2.0321438 3.0890563) (1.6086923 1.9327384 2.9105937) (1.3975426 1.8544549 2.738339) (1.1899647 1.8000516 2.573538) (0.98821187 1.7717289 2.4177165) (0.7967218 1.7707392 2.272722)
     (0.625 1.7971276 2.1407554) (0.49410594 1.8497229 2.0243661) (0.44194177 1.9263796 1.9263798) (0.49410594 2.024366 1.8497231) (0.625 2.1407554 1.7971278) (0.7967218 2.272722 1.7707394)
     (0.98821187 2.4177165 1.7717291) (1.1899647 2.5735378 1.8000518) (1.3975426 2.7383385 1.8544551) (1.6086923 2.9105937 1.9327387))
    ((1.8879759 2.2270353 3.2206128) (1.6828641 2.1367161 3.049858) (1.4823177 2.0661757 2.8859274) (1.2884705 2.0174894 2.7300508) (1.1048545 1.9922603 2.5836856) (0.9375 1.9913803 2.448539)
     (0.7967218 2.0148811 2.3265665) (0.6987713 2.0619295 2.2199407) (0.66291267 2.1309662 2.1309662) (0.6987713 2.2199404 2.0619297) (0.7967218 2.3265665 2.0148814) (0.9375 2.448539 1.9913806)
     (1.1048545 2.5836856 1.9922606) (1.2884705 2.7300506 2.0174897) (1.4823177 2.8859272 2.066176) (1.6828641 3.049858 2.1367164)))
[16]> (print-array map)
(3.1868873 1.6620531 2.8592098) (3.0698256 1.5389249 2.665402) (2.9646354 1.4393803 2.4761481) (2.8726215 1.368575 2.2925768) (2.7950852 1.3311031 2.1161675) (2.733259 1.3297856 1.9488655) (2.688227 1.3647271 1.7932218) (2.6608417 1.4332784 1.6525341) (2.6516507 1.5309311 1.530931) (2.6608417 1.6525344 1.4332783) (2.688227 1.7932221 1.364727) (2.733259 1.9488655 1.3297855) (2.7950852 2.1161678 1.331103) (2.8726215 2.292577 1.3685747) (2.9646354 2.4761484 1.43938) (3.0698256 2.665402 1.5389248)
(3.005529 1.4917477 2.7636878) (2.8811078 1.3532113 2.5626662) (2.7687573 1.2388326 2.3652062) (2.6700013 1.1558063 2.1722798) (2.586398 1.1111823 1.9852092) (2.5194557 1.1096038 1.8058149) (2.4705296 1.1512475 1.6366233) (2.4407032 1.2317377 1.4811347) (2.4306798 1.3441135 1.3441132) (2.4407032 1.4811349 1.2317375) (2.4705296 1.6366234 1.1512474) (2.5194557 1.8058149 1.1096035) (2.586398 1.9852092 1.1111821) (2.6700013 2.17228 1.1558061) (2.7687573 2.3652062 1.2388324) (2.8811078 2.5626664 1.353211)
(2.829808 1.33636 2.6830053) (2.6972933 1.179715 2.4754403) (2.576941 1.0465434 2.2704067) (2.4705296 0.94680244 2.0686584) (2.3799293 0.8917808 1.871257) (2.3070037 0.88981307 1.6797363) (2.2534697 0.94123214 1.4963562) (2.2207298 1.0381352 1.3245025) (2.209709 1.169268 1.1692679) (2.2207298 1.3245026 1.038135) (2.2534697 1.4963564 0.9412319) (2.3070037 1.6797364 0.8898128) (2.3799293 1.871257 0.89178056) (2.4705296 2.0686584 0.94680226) (2.576941 2.270407 1.0465432) (2.6972933 2.4754403 1.1797148)
(2.6608417 1.201691 2.618534) (2.5194557 1.0246612 2.4054122) (2.3901656 0.8680185 2.1938436) (2.2750344 0.7447402 1.984326) (2.1763108 0.67340624 1.7775841) (2.0963137 0.67079824 1.5747118) (2.0372508 0.7376455 1.3774198) (2.0009766 0.85786235 1.1884906) (1.988738 1.0126158 1.0126157) (2.0009766 1.1884907 0.8578622) (2.0372508 1.37742 0.73764527) (2.0963137 1.5747119 0.670798) (2.1763108 1.7775843 0.67340606) (2.2750344 1.9843262 0.74473995) (2.3901656 2.1938438 0.8680183) (2.5194557 2.4054122 1.0246611)
(2.5 1.0954089 2.5714939) (2.3489528 0.897658 2.354117) (2.209709 0.71366346 2.1374774) (2.084635 0.55722284 1.9218246) (1.9764237 0.45753178 1.7075318) (1.8879759 0.4536845 1.4951845) (1.8221725 0.5477045 1.2857469) (1.7815242 0.70127535 1.0809113) (1.7677671 0.88388354 0.8838834) (1.7815242 1.0809114 0.70127517) (1.8221725 1.2857469 0.54770434) (1.8879759 1.4951847 0.4536843) (1.9764237 1.7075318 0.45753157) (2.084635 1.9218246 0.5572226) (2.209709 2.1374776 0.7136633) (2.3489528 2.354117 0.8976579)
(2.3489528 1.0263704 2.542852) (2.1875002 0.8119763 2.3227963) (2.0372508 0.60235465 2.1029327) (1.9008634 0.40498504 1.8833282) (1.7815242 0.25070086 1.6640856) (1.6828641 0.2436088 1.4453692) (1.6086923 0.39178544 1.2274611) (1.5625001 0.5876246 1.0108832) (1.5467962 0.7967219 0.7967218) (1.5625001 1.0108833 0.5876245) (1.6086923 1.2274611 0.3917853) (1.6828641 1.4453694 0.2436086) (1.7815242 1.6640856 0.25070068) (1.9008634 1.8833282 0.4049849) (2.0372508 2.1029327 0.6023545) (2.1875002 2.3227963 0.81197625)
(2.209709 1.0023015 2.5332327) (2.0372508 0.7813305 2.3122618) (1.875 0.56035966 2.091291) (1.7258378 0.3393888 1.8703201) (1.5934436 0.1184179 1.6493492) (1.4823177 0.10255298 1.4283782) (1.3975426 0.32352388 1.2074074) (1.3441135 0.54449475 0.9864365) (1.3258253 0.7654656 0.7654656) (1.3441135 0.9864365 0.54449475) (1.3975426 1.2074074 0.32352388) (1.4823177 1.4283782 0.10255298) (1.5934436 1.6493492 0.1184179) (1.7258378 1.8703201 0.3393888) (1.875 2.091291 0.56035966) (2.0372508 2.3122618 0.7813305)
(2.084635 1.0263704 2.542852) (1.9008634 0.8119763 2.3227963) (1.7258378 0.60235465 2.1029327) (1.5625001 0.40498504 1.8833282) (1.414904 0.25070086 1.6640856) (1.2884705 0.2436088 1.4453695) (1.1899647 0.39178544 1.2274612) (1.1267349 0.5876246 1.0108833) (1.1048545 0.7967219 0.79672194) (1.1267349 1.0108833 0.58762467) (1.1899647 1.2274611 0.39178553) (1.2884705 1.4453694 0.24360898) (1.414904 1.6640856 0.25070107) (1.5625001 1.8833282 0.40498513) (1.7258378 2.1029327 0.6023547) (1.9008634 2.3227963 0.8119764)
(1.9764237 1.0954089 2.5714939) (1.7815242 0.897658 2.3541172) (1.5934436 0.71366346 2.1374776) (1.414904 0.55722284 1.9218246) (1.25 0.45753178 1.7075319) (1.1048545 0.4536845 1.4951847) (0.98821187 0.5477045 1.285747) (0.91108626 0.70127535 1.0809115) (0.88388354 0.88388354 0.88388366) (0.91108626 1.0809114 0.70127547) (0.98821187 1.2857469 0.54770464) (1.1048545 1.4951847 0.45368472) (1.25 1.7075318 0.457532) (1.414904 1.9218246 0.55722296) (1.5934436 2.1374776 0.7136636) (1.7815242 2.354117 0.89765805)
(1.8879759 1.201691 2.618534) (1.6828641 1.0246612 2.4054122) (1.4823177 0.8680185 2.1938438) (1.2884705 0.7447402 1.9843262) (1.1048545 0.67340624 1.7775843) (0.9375 0.67079824 1.5747119) (0.7967218 0.7376455 1.3774201) (0.6987713 0.85786235 1.1884909) (0.66291267 1.0126158 1.012616) (0.6987713 1.1884907 0.8578625) (0.7967218 1.37742 0.7376456) (0.9375 1.5747119 0.6707984) (1.1048545 1.7775843 0.6734064) (1.2884705 1.9843262 0.7447403) (1.4823177 2.1938438 0.8680187) (1.6828641 2.4054122 1.0246614)
(1.8221725 1.33636 2.6830053) (1.6086923 1.179715 2.4754405) (1.3975426 1.0465434 2.270407) (1.1899647 0.94680244 2.0686586) (0.98821187 0.8917808 1.8712572) (0.7967218 0.88981307 1.6797365) (0.625 0.94123214 1.4963566) (0.49410594 1.0381352 1.3245027) (0.44194177 1.169268 1.1692681) (0.49410594 1.3245026 1.0381353) (0.625 1.4963564 0.9412322) (0.7967218 1.6797364 0.8898133) (0.98821187 1.871257 0.89178103) (1.1899647 2.0686584 0.9468027) (1.3975426 2.270407 1.0465436) (1.6086923 2.4754403 1.1797152)
(1.7815242 1.4917477 2.763688) (1.5625001 1.3532113 2.5626664) (1.3441135 1.2388326 2.3652065) (1.1267349 1.1558063 2.17228) (0.91108626 1.1111823 1.9852095) (0.6987713 1.1096038 1.8058151) (0.49410594 1.1512475 1.6366235) (0.3125 1.2317377 1.481135) (0.22097088 1.3441135 1.3441137) (0.3125 1.4811349 1.231738) (0.49410594 1.6366234 1.1512477) (0.6987713 1.8058149 1.1096039) (0.91108626 1.9852092 1.1111826) (1.1267349 2.17228 1.1558064) (1.3441135 2.3652062 1.2388328) (1.5625001 2.5626664 1.3532115)
(1.7677671 1.6620531 2.85921) (1.5467962 1.5389249 2.665402) (1.3258253 1.4393803 2.4761484) (1.1048545 1.368575 2.2925773) (0.88388354 1.3311031 2.1161678) (0.66291267 1.3297856 1.9488658) (0.44194177 1.3647271 1.7932223) (0.22097088 1.4332784 1.6525345) (0.0 1.5309311 1.5309314) (0.22097088 1.6525344 1.4332787) (0.44194177 1.7932221 1.3647274) (0.66291267 1.9488655 1.3297858) (0.88388354 2.1161678 1.3311033) (1.1048545 2.292577 1.3685752) (1.3258253 2.4761484 1.4393805) (1.5467962 2.665402 1.5389252)
(1.7815242 1.8431458 2.9681387) (1.5625001 1.7329327 2.78193) (1.3441135 1.645169 2.6011684) (1.1267349 1.5835918 2.4270716) (0.91108626 1.5513225 2.2611792) (0.6987713 1.550192 2.1054318) (0.49410594 1.5802678 1.9622465) (0.3125 1.6398331 1.8345671) (0.22097088 1.7258378 1.725838) (0.3125 1.8345668 1.6398335) (0.49410594 1.9622463 1.5802679) (0.6987713 2.1054316 1.5501922) (0.91108626 2.2611792 1.5513227) (1.1267349 2.4270713 1.583592) (1.3441135 2.6011682 1.6451694) (1.5625001 2.78193 1.7329329)
(1.8221725 2.0321438 3.0890563) (1.6086923 1.9327384 2.9105937) (1.3975426 1.8544549 2.738339) (1.1899647 1.8000516 2.573538) (0.98821187 1.7717289 2.4177165) (0.7967218 1.7707392 2.272722) (0.625 1.7971276 2.1407554) (0.49410594 1.8497229 2.0243661) (0.44194177 1.9263796 1.9263798) (0.49410594 2.024366 1.8497231) (0.625 2.1407554 1.7971278) (0.7967218 2.272722 1.7707394) (0.98821187 2.4177165 1.7717291) (1.1899647 2.5735378 1.8000518) (1.3975426 2.7383385 1.8544551) (1.6086923 2.9105937 1.9327387)
(1.8879759 2.2270353 3.2206128) (1.6828641 2.1367161 3.049858) (1.4823177 2.0661757 2.8859274) (1.2884705 2.0174894 2.7300508) (1.1048545 1.9922603 2.5836856) (0.9375 1.9913803 2.448539) (0.7967218 2.0148811 2.3265665) (0.6987713 2.0619295 2.2199407) (0.66291267 2.1309662 2.1309662) (0.6987713 2.2199404 2.0619297) (0.7967218 2.3265665 2.0148814) (0.9375 2.448539 1.9913806) (1.1048545 2.5836856 1.9922606) (1.2884705 2.7300506 2.0174897) (1.4823177 2.8859272 2.066176) (1.6828641 3.049858 2.1367164)
NIL
[17]> (bye)
Bye.